long	lat
81	27.95988869
81.05724316	27.95508226
81.08298507	27.94777413
81.08454013	27.94757714
81.10723031	27.93161154
81.12796208	27.91295217
81.14679321	27.90362495
81.19585925	27.88756085
81.32946459	27.79536711
81.41579012	27.75920565
81.47608537	27.70803396
81.5197373	27.69687478
81.6151632	27.70596562
81.75607974	27.7364096
81.78049953	27.72827906
81.78689196	27.72611715
81.8061813	27.70000191
81.81977406	27.65950679
81.83066006	27.58111675
81.842696	27.54120274
81.86785882	27.51706227
82.00670549	27.50927153
82.03469301	27.50167284
82.08577349	27.47767519
82.15666814	27.46324606
82.29349801	27.46415712
82.33450038	27.4502106
82.39007443	27.41116332
82.40418613	27.39817711
82.41685305	27.37807482
82.42382339	27.3636457
82.43522244	27.35301838
82.46079217	27.34537045
82.48567193	27.34637999
82.50766803	27.35652963
82.5262733	27.37263805
82.55045721	27.40279147
82.55823546	27.41563487
82.55978639	27.42837978
82.54303279	27.44752176
82.5406091	27.45978406
82.54303279	27.47272102
82.54861733	27.48291498
82.57764274	27.49138039
82.6827994	27.49080421
82.80522861	27.47695127
82.88689132	27.45155995
83.04174855	27.38192095
83.09317695	27.36658077
83.09922146	27.36162661
83.10043036	27.36028219
83.10855063	27.37009202
83.11517305	27.37403664
83.12611212	27.3776907
83.12634801	27.38624969
83.12185444	27.39683269
83.11897666	27.40673609
83.08724449	27.43684519
83.07756739	27.45324417
83.09922146	27.46050305
83.15122188	27.46348737
83.17593063	27.46968746
83.17708056	27.47012083
83.19153429	27.46574777
83.23611029	27.45935069
83.27175812	27.46050305
83.29554103	27.47392263
83.35215296	27.5323532
83.37449698	27.53990264
83.39424629	27.53639139
83.39891088	27.51706227
83.40967894	27.50821273
83.42143182	27.50229827
83.44826351	27.49301537
83.4589785	27.4836389
83.47089649	27.4582919
83.48138149	27.45569663
83.51553146	27.45978406
83.5303862	27.4502106
83.54138425	27.43073375
83.5624663	27.40572654
83.58670918	27.39250395
83.90840059	27.34344985
83.94157165	27.32392374
83.96978916	27.28915103
83.98809958	27.25120686
83.99846664	27.21225315
84.00088444	27.17233913
83.99478097	27.13078522
83.98361191	27.10808766
83.9678903	27.08437564
83.95798321	27.06057004
83.9646646	27.03811379
83.97900039	27.02950556
84.11364244	26.99891877
84.12614424	26.9992044
84.14151792	27.00882217
84.1597163	27.01435744
84.17722472	27.01113182
84.1889717	26.99449154
84.1893727	26.99449154
84.21552033	26.98141176
84.27103541	26.96602233
84.29643412	26.95371079
84.3126157	26.93389906
84.31900813	26.91225537
84.3283373	26.89350244
84.35424906	26.8821512
84.36801283	26.87897482
84.38235452	26.87714779
84.4013549	26.86926347
84.40020497	26.85339144
84.40210383	26.83934643
84.43038031	26.83728302
84.49344365	26.85767093
84.51878339	26.85998057
84.56243355	26.84483245
84.56652022	26.81323612
84.56652022	26.77731104
84.59917233	26.74888616
84.70243014	26.7261886
84.71936065	26.72642991
84.75829315	26.7364318
84.77603155	26.74759098
84.77839038	26.7498957
84.79422993	26.76576774
84.81288828	26.77952219
84.83217762	26.77884752
84.85273483	26.77365697
84.87283796	26.77884752
84.9130914	26.79722126
84.96215508	26.81915058
85.05061123	26.8481024
85.0627651	26.84483245
85.15047232	26.80395321
85.16607598	26.78803685
85.17494519	26.75268796
85.1666539	26.6758344
85.17851881	26.63919033
85.19418145	26.62293417
85.2545911	26.58277885
85.26449819	26.58090257
85.27595621	26.58446307
85.2866653	26.58705834
85.29548143	26.58061202
85.29772232	26.57166892
85.29789923	26.56229245
85.30008704	26.55435396
85.30768838	26.54834593
85.32571574	26.55118251
85.35001759	26.56291787
85.42649088	26.6180785
85.44607507	26.62716442
85.47221681	26.62990743
85.51206925	26.64044118
85.54604821	26.63082341
85.62321735	26.59076165
85.62897289	26.58648216
85.63617323	26.58407402
85.66128298	26.58547261
85.66318184	26.58508849
85.67003424	26.58446307
85.68696474	26.58013433
85.694513	26.57681514
85.70009753	26.57186098
85.70677892	26.56763073
85.71858487	26.5657052
85.72635722	26.56763073
85.75106007	26.58119312
85.79361927	26.59340617
85.81752012	26.596292
85.83640846	26.59287924
85.84452873	26.58609804
85.84492973	26.5712848
85.85282002	26.56397174
85.86065134	26.56291787
85.88501216	26.5657052
85.89486028	26.5657052
85.92826132	26.55541276
85.99690918	26.52463391
86.03111813	26.51313985
86.05271322	26.50900317
86.07033368	26.50097112
86.0858253	26.48952632
86.10079798	26.47476232
86.10091592	26.47476232
86.12325994	26.46350957
86.1985833	26.434607
86.2768493	26.39526916
86.29734754	26.39122605
86.30904144	26.39911529
86.31629484	26.41128401
86.32481612	26.42157154
86.34007775	26.42354631
86.37981815	26.41060934
86.3900083	26.40911718
86.41839683	26.41575557
86.44581233	26.43076087
86.46717744	26.45129652
86.47898339	26.47476232
86.5136523	26.49173747
86.54515448	26.50097112
86.58684681	26.51313985
86.60101159	26.52232426
86.63499055	26.55137457
86.65111315	26.56267657
86.663727	26.56330199
86.6673537	26.54348534
86.66799059	26.52583551
86.68077545	26.47476232
86.68077545	26.47476232
86.68100543	26.47476232
86.69212142	26.44432326
86.71083285	26.40940773
86.73646154	26.3809336
86.76859471	26.37011422
86.8283144	26.37564457
86.86258231	26.38454335
86.87421135	26.37497482
86.88172422	26.35881223
86.8918672	26.34549114
86.90666886	26.33774964
86.95343267	26.32034113
86.96852919	26.31798223
86.98244629	26.32803338
87.00338091	26.36511574
87.01594168	26.3799733
87.04713722	26.39536273
87.08340424	26.40406945
87.120202	26.40608854
87.15458195	26.40041539
87.23490013	26.36246629
87.2737029	26.35328188
87.31533626	26.36872056
87.34275766	26.38656244
87.35496461	26.39454524
87.37914262	26.40142493
87.39765944	26.39324514
87.41234316	26.3819924
87.43109587	26.3799733
87.44748974	26.38699581
87.4556277	26.40252805
87.46299905	26.42489073
87.47756483	26.42955926
87.49643547	26.42393043
87.5169573	26.41488883
87.53629971	26.41488883
87.57026687	26.43907855
87.59002208	26.44345653
87.59126046	26.43941342
87.61797422	26.4208033
87.62092276	26.42128591
87.62617115	26.41262843
87.63348353	26.39478655
87.64038311	26.38454335
87.65624624	26.37256668
87.69227738	26.35438992
87.70825846	26.34140371
87.74316915	26.34496421
87.78527428	26.3819924
87.81865173	26.43220378
87.8277922	26.47476232
87.8277922	26.47476232
87.82407704	26.48750722
87.82507954	26.49809022
87.83327648	26.52049723
87.84943447	26.56503053
87.89950065	26.64746368
87.9185482	26.6928588
87.92320689	26.71373424
87.92485808	26.73364447
87.92338381	26.75326414
87.91359466	26.79438468
87.90946671	26.83934643
87.90522081	26.8570455
87.89531372	26.87320317
87.87036909	26.90479951
87.86093377	26.9212034
87.84389122	26.95755692
87.82189512	26.99132009
87.79830682	27.01868126
87.78344618	27.0302738
87.76634466	27.03686294
87.74641254	27.04758875
87.72606763	27.08500106
87.70825846	27.09913964
87.70283315	27.10688606
87.70129991	27.11558785
87.70306903	27.12448664
87.71963982	27.15483212
87.72412159	27.22764257
87.74075135	27.2600564
87.76817276	27.31103602
87.77489542	27.33666865
87.77200585	27.34873889
87.75814773	27.36874268
87.75360698	27.38028598
87.75230962	27.39490716
87.75502227	27.40645046
87.76457554	27.43039887
87.76893938	27.43742137
87.77460057	27.44266117
87.77973102	27.44848206
87.78226677	27.45761723
87.78026176	27.46223652
87.77005982	27.4707955
87.76717025	27.47522273
87.76186288	27.49570913
87.76038861	27.50600158
87.76186288	27.51706227
87.79028679	27.56991325
87.85975435	27.66854839
87.88658605	27.75622133
87.90280301	27.78339536
87.91418437	27.80979623
87.90864112	27.85283738
87.92202748	27.87226991
87.91966865	27.88448296
87.91046921	27.89078155
87.89549064	27.89545008
87.86806923	27.90093118
87.8427118	27.90573761
87.7947096	27.92795747
87.7692932	27.93502922
87.75590684	27.93387194
87.72665734	27.92372723
87.71173773	27.92136834
87.69823343	27.92391929
87.67446821	27.93392118
87.662792	27.93699907
87.57486659	27.94075163
87.55310638	27.95075352
87.54101737	27.94873443
87.52810277	27.93257676
87.5107064	27.90362495
87.48947692	27.87827795
87.46317596	27.85841697
87.43032925	27.84504663
87.40090283	27.8429783
87.37619408	27.85091678
87.35543638	27.85779154
87.32878159	27.86168691
87.31209286	27.85750099
87.27735908	27.84177669
87.25890123	27.84235287
87.24923003	27.84822301
87.24333295	27.8570233
87.23926397	27.86524741
87.23377969	27.87034439
87.21196051	27.87558418
87.19285398	27.87390489
87.14951047	27.8650061
87.04990884	27.84158463
87.03021261	27.84100845
87.03021261	27.8570233
87.04312721	27.87457463
87.04831663	27.88890527
87.0243745	27.89506104
86.99306103	27.88563532
86.96852919	27.8670252
86.94258205	27.85384692
86.87789702	27.8683253
86.821061	27.86274571
86.79163459	27.86399656
86.74780752	27.88380829
86.68681995	27.95075352
86.65169107	27.98210855
86.62393353	27.99615356
86.60492725	27.99721235
86.59744386	27.99533607
86.58448798	27.99201688
86.55085106	27.98739759
86.52217358	27.98942161
86.49798967	27.99894089
86.47973232	28.01634941
86.47034417	28.04169641
86.47034417	28.04169641
86.43918992	28.06275899
86.36029293	28.05992242
86.32660293	28.06983074
86.31802269	28.08406288
86.32216833	28.11532435
86.31744477	28.12816282
86.30201213	28.14009024
86.28185592	28.15105736
86.25980085	28.15846399
86.23981566	28.15966559
86.22547987	28.15370188
86.20065907	28.13513608
86.1840706	28.13172332
86.16668012	28.13826321
86.15135951	28.15028912
86.13621582	28.15947353
86.11853639	28.15677977
86.10788037	28.14490159
86.10477261	28.12946292
86.10408265	28.11272908
86.10148794	28.09675854
86.09296666	28.08261997
86.08334853	28.0720419
86.07672611	28.05992242
86.07689713	28.04169641
86.07724506	28.01702408
86.07724506	28.01702408
86.07033368	27.99721235
86.05496001	27.98182293
86.03111813	27.9709543
85.99028677	27.95339804
85.97513718	27.9523885
85.95325903	27.95998718
85.91553543	27.98610242
85.90528631	27.99062322
85.89486028	27.98913106
85.885938	27.98518644
85.87677984	27.98210855
85.86572282	27.98364996
85.85512578	27.98999779
85.82880712	28.01808288
85.81031979	28.02996105
85.78901365	28.03424054
85.76615069	28.03616607
85.74368872	28.04169641
85.74299876	28.04169641
85.74299876	28.04169641
85.7265872	28.04977278
85.71858487	28.06251769
85.71069458	28.09301091
85.70268635	28.10483984
85.694513	28.1130147
85.6920893	28.12263248
85.70165436	28.14052361
85.70867778	28.16144338
85.70763989	28.18779993
85.69624085	28.20823708
85.67389093	28.21194039
85.57645353	28.1277787
85.57801036	28.11724987
85.59067728	28.1014714
85.59419194	28.09320297
85.59338404	28.08752489
85.58825948	28.06992431
85.58825948	28.06126684
85.58636062	28.05444132
85.58791155	28.04832987
85.59943444	28.04169641
85.59943444	28.04169641
85.59943444	28.04169641
85.59943444	28.04169641
85.60927666	28.0321722
85.60904667	28.02361322
85.60564996	28.01442881
85.60645786	28.00278702
85.61198342	27.99475989
85.61924272	27.98855488
85.62499827	27.98104976
85.62569412	27.97027963
85.61924272	27.96604446
85.58399589	27.93651646
85.56856324	27.93036069
85.56061988	27.92944963
85.55687524	27.92891777
85.52899976	27.93132591
85.47722932	27.92622893
85.45753309	27.93291164
85.44491924	27.95902688
85.44555613	27.98081338
85.4504507	28.00182672
85.4508517	28.02212106
85.43679897	28.04169641
85.39758341	28.07079104
85.38560645	28.08502811
85.37713825	28.10940988
85.37633624	28.12224836
85.37765719	28.13225025
85.37546937	28.14206501
85.35612107	28.16399433
85.35081959	28.18707601
85.34667395	28.19813669
85.32968447	28.21463416
85.3060195	28.22675364
85.25666687	28.24512246
85.22746455	28.26104374
85.20236069	28.28042211
85.18145556	28.30355795
85.1638292	28.33048576
85.16187137	28.3774272
85.15622787	28.40055812
85.14050626	28.3979136
85.13722748	28.38925613
85.1373985	28.37906217
85.13624857	28.36977927
85.12829931	28.36381556
85.10468742	28.3568423
85.09610717	28.35039598
85.06552493	28.31182639
85.05095915	28.31144227
85.03598648	28.32413793
85.01346554	28.33717338
84.98939368	28.34260524
84.96348192	28.34510694
84.93774118	28.34472282
84.9130914	28.341118
84.88072825	28.35501527
84.86379184	28.36021074
84.84559936	28.35934401
84.83021979	28.35131196
84.80378909	28.3273143
84.78674064	28.32072517
84.76739234	28.32221733
84.75564536	28.3302937
84.74550829	28.33943378
84.73070662	28.34510694
84.71786279	28.3431371
84.68682648	28.33130324
84.6714469	28.3282746
84.65324852	28.32928415
84.63165343	28.33332726
84.61143825	28.34049258
84.57527738	28.36785374
84.55431327	28.36434249
84.53133237	28.35472472
84.50375174	28.35501527
84.47893094	28.36742038
84.47104066	28.3829083
84.47288054	28.39642144
84.47731515	28.42811627
84.47731515	28.44860268
84.46816288	28.50635858
84.47489734	28.5169859
84.50375174	28.53141502
84.5104862	28.54565209
84.51060414	28.56541457
84.51256197	28.57152602
84.51912542	28.57921827
84.53830271	28.58595022
84.54636401	28.59105213
84.55321642	28.60057141
84.55690209	28.60942094
84.56917391	28.6622276
84.5615136	28.67482477
84.50639953	28.68954445
84.46522614	28.71377849
84.44264623	28.72099305
84.41725342	28.71608813
84.40959312	28.71012442
84.40233382	28.70118132
84.39151268	28.68276325
84.3840234	28.67405653
84.37452321	28.67059453
84.36432716	28.66809282
84.33098509	28.65303827
84.32419166	28.64654763
84.31025097	28.62173249
84.30144074	28.61519259
84.29044269	28.61225752
84.27823574	28.61345913
84.25986045	28.61851179
84.24627359	28.62048163
84.18447812	28.61721169
84.17112125	28.61870385
84.15660854	28.62365801
84.13737228	28.63654573
84.10799894	28.66472438
84.08681074	28.67395804
84.03538234	28.67621844
84.02115859	28.6847331
84.02663108	28.73388077
84.01372828	28.74253825
83.9923042	28.74614799
83.97076807	28.75302275
83.96270677	28.76076425
83.95222177	28.77957136
83.94209059	28.78399367
83.88029513	28.7928432
83.85789213	28.79948158
83.83964068	28.80861675
83.82063441	28.8156885
83.79494674	28.81477252
83.76730714	28.82184427
83.75273547	28.84252273
83.73569292	28.89114347
83.7262458	28.90076124
83.70246289	28.91788413
83.68414657	28.94385163
83.67268855	28.95212499
83.65904272	28.95702991
83.5830235	28.97030175
83.52612851	28.99800271
83.51524251	29.01310651
83.4942784	29.04114235
83.52169391	29.13194243
83.50988796	29.14554914
83.48477821	29.15218752
83.4593795	29.16517374
83.45281606	29.19888273
83.44918935	29.20862363
83.44210107	29.21636512
83.41751616	29.23678258
83.41106476	29.25707692
83.42143182	29.27472675
83.43674652	29.29117497
83.4440589	29.30894298
83.43686446	29.32392367
83.42200383	29.32567683
83.40403544	29.32341643
83.38872073	29.32646969
83.38083044	29.33803762
83.37403112	29.36669888
83.36349304	29.37704058
83.34362579	29.37749857
83.32249067	29.37045144
83.30262342	29.36754099
83.28719077	29.38038439
83.27728368	29.39173071
83.26420986	29.39394678
83.25010405	29.39093784
83.23611029	29.38483132
83.23317355	29.39901914
83.22649216	29.40712013
83.2161251	29.41176405
83.20236132	29.41467449
83.18853858	29.41452676
83.16758037	29.41204967
83.13285248	29.40418999
83.12611212	29.39856115
83.11638195	29.38442258
83.10849166	29.3808867
83.08183098	29.37434681
83.03167045	29.35374222
83.00684965	29.35104845
82.97845523	29.35364372
82.9496657	29.35263418
82.92282811	29.34484344
82.89990617	29.32618406
82.89167385	29.30880017
82.88689132	29.29006693
82.878659	29.27501238
82.87739113	29.27482032
82.85959376	29.26866455
82.84335321	29.26948203
82.79762728	29.27638634
82.78450038	29.28314292
82.77280648	29.2914606
82.74435898	29.29470592
82.73053624	29.29939415
82.72299388	29.30805163
82.72022815	29.31867895
82.71815827	29.34183942
82.70739021	29.38167956
82.69661625	29.39788648
82.67692592	29.40950365
82.64605472	29.41988966
82.63384777	29.42881307
82.6237107	29.45884338
82.61202269	29.46678186
82.59802893	29.47272095
82.58455411	29.48323008
82.57925264	29.49823046
82.58052051	29.5111428
82.5779258	29.52285354
82.54412375	29.54630062
82.54228387	29.55991029
82.54499062	29.57539624
82.54228387	29.59477707
82.51193161	29.62067464
82.44017599	29.60766577
82.42145867	29.63096659
82.42312754	29.64356622
82.42911897	29.65075616
82.43562934	29.65676764
82.439545	29.66547239
82.43683824	29.68143899
82.42727908	29.69572234
82.40136143	29.71762802
82.39312911	29.72176421
82.37400489	29.72734281
82.36525363	29.73167106
82.36266481	29.73645631
82.35851327	29.75073917
82.35425558	29.75634191
82.33910599	29.76617686
82.32626806	29.77016875
82.31273427	29.77081782
82.28675765	29.76841313
82.25721919	29.76225736
82.24938787	29.75963647
82.24385642	29.74802226
82.24063072	29.73323413
82.23377831	29.72161991
82.21765571	29.72063401
82.20590873	29.72832872
82.19075914	29.75437009
82.18177789	29.76526334
82.11808357	29.81164781
82.10512769	29.81381218
82.08024793	29.81071016
82.06884298	29.81193639
82.05969072	29.81794787
82.0433912	29.8337943
82.03291209	29.83788222
82.01108112	29.83021115
81.98551729	29.81419679
81.96213538	29.80741559
81.94635481	29.82662849
81.93863553	29.83970926
81.92711854	29.84600932
81.91370269	29.84971263
81.9001689	29.85577237
81.88796196	29.86541477
81.86705682	29.89237015
81.79961785	29.93673503
81.78919182	29.95469757
81.79247649	29.96756214
81.79760105	29.97809393
81.79714108	29.98706323
81.78412623	29.99398847
81.77272719	29.99468585
81.74957526	29.98867432
81.7379993	29.98833767
81.71847408	30
-999	-999
86.02167101	20
86.02351679	20.01447837
86.03474483	20.03422608
86.04787172	20.07844914
86.05288423	20.08815063
86.07125363	20.10179182
86.09682335	20.1104099
86.15228535	20.12222898
86.20175003	20.13916965
86.3016701	20.19023793
86.34307347	20.21737256
86.3040879	20.19471933
86.28404373	20.18782486
86.27500352	20.19718163
86.28404373	20.20688313
86.3040879	20.21811125
86.32608399	20.22687707
86.33961778	20.23106299
86.35856509	20.24608307
86.38736051	20.28045689
86.40503995	20.31709604
86.38983729	20.33915832
86.38257798	20.31675132
86.38079707	20.30473525
86.38148702	20.29237447
86.36012192	20.3028639
86.34509027	20.29621567
86.32896177	20.28198353
86.30500784	20.27100163
86.30961346	20.33393823
86.31998052	20.36373216
86.33967675	20.39032508
86.36512853	20.41297832
86.53167377	20.52210781
86.59122245	20.53806357
86.62151573	20.5568756
86.64846537	20.57913487
86.66597379	20.59725746
86.65497574	20.58972279
86.63925413	20.57987356
86.61177965	20.57046755
86.60671407	20.57957809
86.60245048	20.5845027
86.59703696	20.58529064
86.58874567	20.5845027
86.58247118	20.59105244
86.57406195	20.59479515
86.56381283	20.59671575
86.55050903	20.59735595
86.55966719	20.60863332
86.57406195	20.61232678
86.59018456	20.61040618
86.60481521	20.60361021
86.61587222	20.61050468
86.61961687	20.61848255
86.61748213	20.62769159
86.61172658	20.63818102
86.60239741	20.6512805
86.59502606	20.65492471
86.56968632	20.65251165
86.51762693	20.65556491
86.49378505	20.66373978
86.48186116	20.67949855
86.52419038	20.68732869
86.54630441	20.68634377
86.56582374	20.6794493
86.57930445	20.70486032
86.56410179	20.74775373
86.44304661	20.97916145
86.43544527	21.071498
86.46855736	21.15231095
86.52551722	21.2235209
86.68877778	21.3705207
86.74395083	21.40351563
86.84230817	21.4475417
86.85405514	21.45005325
86.88054481	21.45005325
86.89239793	21.45207234
86.90377929	21.45748942
86.94564853	21.44916682
86.99966575	21.45793264
87.0703717	21.48201401
87.14166735	21.50673558
87.15133856	21.50919789
87.31232875	21.54603402
87.33556323	21.54741291
87.38238601	21.54554156
87.40444108	21.55076165
87.46252728	21.58690834
87.55015784	21.62428617
87.58725045	21.64590524
87.6162051	21.66944491
87.61797422	21.67417254
87.61909466	21.68446498
87.62310467	21.68998056
87.62634807	21.69199965
87.63383735	21.69401874
87.67788851	21.72071016
87.68856222	21.72415739
87.70265624	21.73149507
87.71757584	21.74937143
87.77200585	21.85249289
87.78816384	21.87135417
87.79252768	21.88021848
87.79064062	21.8909049
87.78621781	21.90164056
87.78374104	21.91262246
87.78993297	21.91626667
87.83044588	21.91597119
87.85999024	21.93010484
87.89289592	21.95541737
87.91925585	21.9852113
87.92981162	22.01244443
87.91583555	22.05208759
87.88399134	22.07493781
87.84247592	22.08729859
87.79989903	22.09478401
87.7640448	22.09670461
87.74523313	22.10084129
87.72665734	22.11172469
87.69693607	22.14082917
87.68290103	22.1584593
87.67712189	22.17387335
87.66385347	22.25183002
87.64934666	22.29408323
87.63136058	22.31530833
87.63136058	22.32121786
87.65518477	22.32111937
87.66892496	22.30974351
87.67552968	22.29176866
87.67706292	22.27014959
87.68060117	22.25261796
87.69552077	22.21528937
87.69935387	22.19465523
87.70507404	22.17943816
87.71905011	22.16190653
87.74552798	22.13634777
87.76581392	22.12374075
87.78415383	22.12078598
87.80231683	22.12536588
87.822131	22.13634777
87.82631793	22.11295584
87.86789232	22.09606441
87.92049424	22.08094584
87.95693817	22.06331571
87.96295319	22.04765543
87.97339102	21.99555299
87.98441855	21.97339222
87.96666835	21.94896612
87.91907894	21.89863655
87.91023333	21.88627576
87.90321581	21.87174814
87.89955962	21.85490595
87.91383054	21.8017201
87.9102923	21.79305277
87.90757964	21.78344977
87.96336599	21.70061773
87.97014762	21.68377554
87.96065333	21.6695434
87.97091424	21.64260575
87.96289422	21.61980477
87.94832844	21.59951535
87.93777267	21.58040784
87.93883415	21.56056164
87.94744388	21.53712047
87.9683785	21.49875771
87.98636458	21.50855769
88.00098933	21.49742806
88.01042466	21.47566126
88.01425775	21.45389445
88.01997792	21.4501025
88.03318737	21.44951154
88.04734035	21.45093968
88.05642185	21.45389445
88.06851086	21.46197082
88.07482073	21.46448238
88.0772975	21.46728941
88.07576426	21.47758186
88.07140043	21.4847718
88.05689362	21.4956552
88.05205801	21.50451951
88.05317846	21.51683105
88.06461879	21.53840087
88.06739041	21.5495305
88.06585717	21.57223298
88.03076957	21.67097154
88.02793897	21.69426497
88.04091254	21.69342779
88.05942936	21.67574841
88.06868777	21.65964492
88.07293367	21.64038967
88.07570529	21.52914259
88.0815434	21.50565217
88.09516564	21.50136775
88.11049804	21.51131548
88.12176146	21.53194962
88.12541765	21.54583704
88.12618427	21.55637572
88.12199734	21.56607721
88.10135757	21.58680984
88.09823212	21.5970038
88.10011919	21.60655756
88.10566244	21.6142892
88.11144157	21.60424299
88.11621821	21.59306411
88.12241014	21.58405206
88.13314282	21.58040784
88.14281402	21.58232844
88.16103599	21.59158672
88.17442235	21.59370431
88.16345379	21.56676666
88.16422041	21.5271235
88.17483515	21.49555671
88.19341094	21.49457178
88.21192776	21.50634162
88.22950104	21.51126623
88.24548212	21.51939185
88.25880951	21.53953353
88.26323232	21.55864104
88.25939922	21.57252846
88.24383094	21.60069726
88.24100034	21.61817965
88.24241564	21.63684395
88.24725124	21.65417859
88.25886849	21.67254741
88.26612189	21.69653029
88.27367015	21.70017451
88.28151326	21.6989926
88.28723342	21.70017451
88.28965122	21.7138157
88.28564121	21.73218452
88.26877557	21.76700155
88.26612189	21.78586283
88.27349324	21.80501959
88.28593607	21.81723264
88.29442786	21.82910096
88.28965122	21.84722355
88.31141144	21.83269593
88.31099864	21.81137235
88.28965122	21.77182768
88.312296	21.74621967
88.32927958	21.71938051
88.33122561	21.69012829
88.30875775	21.65851226
88.30008905	21.63659772
88.30510156	21.60754248
88.32751046	21.5527315
88.32013911	21.54549231
88.31530351	21.53446117
88.31288571	21.52170642
88.31259085	21.50806523
88.31017305	21.49604917
88.30427597	21.48999189
88.29672772	21.48457481
88.28953328	21.47738487
88.28086458	21.45192461
88.28770519	21.4301578
88.30905261	21.42006234
88.3435505	21.42936986
88.33293577	21.43862814
88.32739251	21.44872361
88.32839502	21.45980399
88.33499974	21.47024418
88.34443506	21.45739093
88.3602982	21.45113667
88.37527677	21.45340199
88.38152768	21.46709242
88.38152768	21.51845617
88.40057523	21.50737578
88.40564672	21.53219585
88.39703699	21.60059877
88.40476216	21.60059877
88.42038941	21.59286712
88.43247842	21.60576962
88.44014462	21.62724094
88.44297521	21.6451173
88.43300915	21.67294138
88.41095409	21.67407404
88.38518386	21.66466803
88.36660807	21.66195949
88.36749263	21.66639164
88.36660807	21.72775236
88.3693797	21.74621967
88.40452627	21.82452107
88.40664922	21.84239743
88.40476216	21.88558631
88.40930291	21.90154207
88.42899914	21.92537721
88.43525004	21.94310583
88.43483725	21.95448169
88.42870429	21.9735892
88.42681722	21.99850776
88.42764281	22.00486052
88.43094518	22.01150875
88.44097021	22.02130874
88.4452161	22.04061323
88.45606672	22.05814487
88.45818967	22.06316797
88.46184586	22.0646946
88.46898132	22.07863127
88.47458354	22.09458703
88.47352207	22.10084129
88.49575405	22.1001026
88.49917435	22.08074885
88.48914932	22.0577509
88.46992485	22.04657202
88.45028759	22.00476203
88.45028759	21.99254898
88.45659746	21.9704867
88.46066644	21.94108674
88.46491234	21.92695309
88.46591484	21.91306567
88.45807173	21.8953863
88.44150094	21.87485065
88.43684225	21.86559237
88.43507313	21.85057229
88.44073432	21.84067381
88.45376686	21.83604467
88.46898132	21.83643864
88.48107033	21.84037834
88.49398492	21.83151403
88.5065457	21.84111703
88.51615793	21.85776223
88.51957823	21.87115719
88.54393316	21.9081903
88.55218907	21.93212394
88.53856682	21.94300734
88.51739632	21.94837517
88.509966	21.96127766
88.51214792	21.9768887
88.51957823	21.99121933
88.53149033	22.00446655
88.54747141	22.0166796
88.56699073	22.02495295
88.58851506	22.02593787
88.5517173	21.99890173
88.53461578	21.98215804
88.52748032	21.96753193
88.53703358	21.95329979
88.57902077	21.93281338
88.58851506	21.91242547
88.58291284	21.89454911
88.57017515	21.88204059
88.55478378	21.87209286
88.54269477	21.8613572
88.53673873	21.84742054
88.53432093	21.79270805
88.51173512	21.73479456
88.51568616	21.72051318
88.52199604	21.70583782
88.50112039	21.59232542
88.50436378	21.57297167
88.5426358	21.50412554
88.52635987	21.47354367
88.54882773	21.45507636
88.58751256	21.45123516
88.61906191	21.46325122
88.62590252	21.47950246
88.61941574	21.49403007
88.60927277	21.50949337
88.60372952	21.52865013
88.60420128	21.5386471
88.60608835	21.54637875
88.61180851	21.55105713
88.62301296	21.55258376
88.63020739	21.55711441
88.63527887	21.5668159
88.64176566	21.58671135
88.64837038	21.56991841
88.65037539	21.56070938
88.65019848	21.55253452
88.6461295	21.54903804
88.62725885	21.53500288
88.63616344	21.5180622
88.65639041	21.51264512
88.67927106	21.51732351
88.69531111	21.53155565
88.6965495	21.54765915
88.67756091	21.57902895
88.67243046	21.59695455
88.67585076	21.61128519
88.69200875	21.64393539
88.69525214	21.6617625
88.70356702	21.6617625
88.71017175	21.64393539
88.72084545	21.56730836
88.72603488	21.55711441
88.73210887	21.54874256
88.73782903	21.54529533
88.77928548	21.53923805
88.82599033	21.51102
88.85364762	21.49880695
88.87528989	21.50126926
88.87735386	21.50673558
88.88419447	21.51968733
88.89103508	21.52845314
88.8946323	21.52180491
88.89675524	21.51451648
88.90324203	21.50865619
88.91303117	21.50491348
88.92517915	21.50412554
88.94570098	21.51269437
88.95189291	21.52909334
88.9484726	21.56972143
88.94581892	21.57297167
88.92901225	21.60424299
88.9067213	21.62290728
88.90218055	21.62837361
88.88785066	21.66550521
88.87116193	21.74833726
88.84857613	21.77926385
88.81785236	21.79989799
88.79951245	21.80881154
88.78376726	21.81284973
88.76837589	21.82141856
88.7536332	21.84136326
88.74691053	21.86470594
88.75693556	21.88164662
88.77356532	21.88164662
88.78040593	21.86416423
88.78370829	21.84392406
88.79119758	21.83412407
88.80906572	21.82939644
88.84527377	21.80777738
88.8639675	21.79999648
88.86231632	21.81555827
88.86774163	21.82447182
88.87906401	21.82614619
88.8946323	21.8202859
88.92140502	21.83358236
88.92665342	21.86248986
88.91745398	21.92646063
88.91373882	21.93896915
88.89811157	21.96497113
88.8946323	21.98102537
88.89787569	21.99619319
88.90418556	22.00751981
88.90748792	22.01830472
88.90218055	22.03263535
88.92075634	22.02603637
88.92075634	22.02534692
-999	-999
92.85233721	21.87258533
92.86112385	21.87578633
92.86955667	21.87952903
92.8771639	21.88460139
92.88359171	21.89085565
92.89644734	21.90395513
92.90995164	21.90759935
92.92380977	21.90868276
92.93613466	21.91474004
92.94439057	21.92808575
92.94439057	21.94192392
92.94203174	21.95615606
92.94203174	21.97063443
92.94863646	21.99013591
92.95129015	21.98929873
92.95695134	21.98821531
92.96202283	21.99077611
92.96278945	22.00097007
92.95877944	22.02928661
92.9620818	22.04258308
92.97305036	22.04987151
93	22.04361725
-999	-999
92.99982309	28.21068954
92.96709431	28.18707601
92.9404985	28.15851323
92.92097918	28.12292303
92.92263036	28.10777491
92.93979085	28.10190477
92.9788295	28.09796508
92.99239277	28.08690439
92.99239277	28.07377044
92.98101141	28.04169641
92.98101141	28.04169641
92.98101141	28.04169641
92.9774142	28.01341926
92.94904926	27.98292604
92.91107209	27.95873633
92.87981758	27.94709946
92.85304486	27.94315484
92.83954055	27.93704832
92.81011414	27.90958866
92.79377924	27.90006445
92.73952613	27.88573381
92.69919013	27.8615441
92.68645245	27.85918521
92.67495315	27.86731575
92.66038737	27.89342606
92.64753174	27.89587852
92.63432229	27.88150357
92.62836624	27.85918521
92.61969754	27.8410577
92.59970645	27.8396591
92.58832509	27.85341356
92.58242802	27.86991102
92.57617712	27.87173805
92.56302664	27.8409592
92.54793012	27.82263471
92.53112345	27.82984927
92.51602694	27.8492818
92.49703835	27.88736879
92.48701332	27.90275821
92.47604476	27.9058361
92.4646634	27.88861964
92.46448649	27.87813513
92.4689093	27.86890148
92.4709143	27.85923445
92.46448649	27.84831658
92.45581779	27.84490382
92.44313907	27.84370221
92.34967041	27.85033567
92.32743843	27.84831658
92.28604096	27.83090806
92.22188076	27.77545688
92.18036535	27.76002314
92.15488998	27.75824042
92.10612115	27.7655978
92.05717542	27.76377077
92.03989699	27.76930111
92.00127113	27.78935907
91.95521497	27.79897685
91.79776303	27.79454962
-999	-999
88.73334726	27.32921278
88.70256452	27.34700542
88.68841153	27.35729787
88.66458734	27.38370366
88.65232143	27.39028787
88.63934786	27.39519772
88.62501796	27.40308203
88.60072201	27.42655275
88.5852127	27.45453934
88.57896179	27.4848405
88.58226416	27.51706227
88.58279489	27.53447079
88.56498572	27.55534131
88.56427807	27.57034662
88.57235707	27.58554398
88.59370449	27.61276234
88.61133674	27.65032238
88.63645829	27.68504585
88.69035757	27.88313854
88.6917139	27.89915339
88.6878808	27.91824121
88.67815062	27.93397043
88.65137789	27.9581109
88.64223742	27.97133842
88.64111698	27.9888405
88.6519676	28.02337191
88.65019848	28.04174566
88.65019848	28.04174566
88.64972671	28.04174566
88.63362769	28.05872081
88.60809335	28.07699606
88.55814511	28.10546527
88.52978018	28.11238928
88.46479439	28.12027851
88.44203168	28.13470764
88.41832543	28.15851323
88.39980861	28.15952278
88.35375245	28.12927086
88.32916164	28.10945913
88.31400615	28.0889678
88.29708154	28.07757224
88.26724233	28.08546148
88.24542315	28.08040882
88.1827962	28.04174566
88.1827962	28.04174566
88.18250135	28.04174566
88.15932584	28.02904507
87.95658435	28.00336812
87.93110898	27.99422803
87.91778158	27.99129296
87.9046311	27.99168201
87.87750455	27.99495195
87.86506172	27.99168201
87.8475474	27.97181611
87.84465784	27.94608991
87.85285477	27.92074291
87.86801026	27.90098043
-999	-999
87.85285477	21.75646287
87.87549955	21.78404073
87.88399134	21.81575525
87.86883585	21.84062457
87.85385728	21.8427914
87.84111959	21.83323764
87.83044588	21.81683867
87.82230792	21.80019347
87.81812099	21.78748796
87.81523143	21.76906989
87.81676466	21.75188298
87.82619999	21.7446438
87.85285477	21.75646287
-999	-999
88.46249453	21.82269896
88.44710317	21.81678942
88.4250481	21.79334825
88.40511598	21.76527794
88.39108094	21.73829104
88.38895799	21.73090412
88.38978358	21.72179358
88.39585757	21.70830013
88.39733184	21.6996328
88.40594157	21.6989926
88.44698522	21.68766599
88.45848452	21.68328308
88.46149203	21.73755235
88.46845058	21.76187995
88.48154209	21.78591208
88.48549313	21.80245879
88.47706031	21.81678942
88.46249453	21.82269896
-999	-999
88.74431582	21.47590749
88.72904239	21.48506727
88.71176396	21.49073058
88.67626356	21.50949337
88.66464632	21.47275573
88.67337399	21.42725228
88.6999698	21.41907742
88.71948913	21.42582414
88.73735727	21.42419902
88.75115643	21.42646434
88.75752527	21.44379899
88.75469467	21.46236479
88.74431582	21.47590749
-999	-999
87.86930762	21.7547885
87.83628399	21.70391722
87.79205591	21.60074651
87.78480251	21.57632041
87.78303339	21.56356566
87.78374104	21.55287924
87.79353018	21.53702197
87.80679861	21.53199887
87.83793517	21.53175264
87.86824614	21.52308531
87.88092486	21.52121396
87.89177548	21.52559686
87.89914682	21.53909031
87.89725976	21.55327321
87.88405031	21.58030935
87.91860718	21.60069726
87.92261719	21.66077758
87.89985447	21.76522869
87.86930762	21.7547885
-999	-999
92.28326933	26.99449154
92.26392692	27.0277721
92.20825852	27.07480711
92.19451833	27.10842254
92.19487215	27.12737246
92.19793863	27.14694289
92.20359983	27.16474045
92.21156088	27.17988857
92.21468633	27.18387751
92.21769384	27.18733951
92.23225962	27.2000401
92.23862846	27.20850059
92.24181288	27.21739937
92.2454101	27.2372111
92.2492432	27.24668606
92.26504736	27.26241529
92.29989909	27.28713194
92.30756528	27.30512156
92.30302454	27.3174331
92.20519204	27.46877641
92.18036535	27.49349306
92.16721487	27.48983899
92.1340733	27.46911128
92.11980237	27.4649746
92.07905357	27.46709219
92.04891951	27.46286194
91.96181969	27.43742137
91.92885504	27.43467836
91.92278105	27.44266117
91.92171957	27.45848396
91.90302584	27.48027046
91.90302584	27.48060533
91.87843503	27.48983899
91.85077774	27.49373436
91.82536134	27.5006633
91.80755217	27.51706227
91.79776303	27.53475641
91.76621367	27.55610955
91.75536305	27.57082923
91.731244	27.64772711
91.73849741	27.68807449
91.79104036	27.74934657
91.79776303	27.79445605
91.79151213	27.86841886
91.79269154	27.89246576
91.80253966	27.91814764
91.81586705	27.93901816
91.82028986	27.95969663
91.80354216	27.98364996
91.78543814	27.99533607
91.76179086	28.00442199
91.73720005	28.01019364
91.69102594	28.01486218
91.64644405	28.03048798
91.60534142	28.03077854
91.58936035	28.03289612
91.57809693	28.03606757
91.55845966	28.04169641
91.47189058	28.07935003
91.43639018	28.1065733
91.41474791	28.14331587
91.39180828	28.12388333
91.36527144	28.1223961
91.33684753	28.12595167
91.30759803	28.12138163
91.28666341	28.10777491
91.23966371	28.06194151
91.22385955	28.04169641
91.22362366	28.04169641
91.22362366	28.04169641
91.1934896	28.01735896
91.14820006	28.00817455
91.10007991	28.01211917
91.06233862	28.02822759
91.04600372	28.04169641
90.98909693	28.08141837
90.92358042	28.09358709
90.85370006	28.09714759
90.81660745	28.10527321
90.78470427	28.11200516
90.73676103	28.13883939
90.71818524	28.14235064
90.70008122	28.13883939
90.6672345	28.12388333
90.64004898	28.12138163
90.61504538	28.11638314
90.54239339	28.12513418
90.5228151	28.12542474
90.50353166	28.12311509
90.51503096	28.1781329
90.54805459	28.20958643
90.58485234	28.213142
90.60714329	28.24786547
90.64022589	28.25805943
90.62913939	28.29288139
90.58485234	28.30687222
90.53696808	28.3102899
90.48194836	28.34491488
90.4378972	28.34491488
90.40463769	28.36208209
90.36778096	28.36208209
90.34035956	28.31653924
90.29778266	28.32221733
90.26475904	28.36208209
90.26475904	28.40055812
90.22430509	28.42503839
90.19470177	28.41426333
90.16904949	28.39012286
90.14322029	28.38661161
90.11019666	28.40055812
90.05146178	28.41104263
89.96129548	28.38502588
89.94036086	28.38242568
89.91883653	28.37189685
89.87826465	28.37973192
89.83952085	28.36063918
89.83061627	28.36381556
89.81870417	28.35862009
89.80873811	28.3498198
89.79157762	28.32928415
89.78167053	28.32009974
89.74392924	28.3000467
89.72706361	28.28797647
89.71892564	28.27133619
89.69899352	28.24132558
89.6564756	28.22502017
89.52243505	28.20506563
89.50179529	28.19938755
89.48162728	28.18880947
89.42973301	28.13340754
89.40791383	28.11869279
89.38532803	28.11167028
89.36687018	28.09743322
89.35094807	28.08012319
89.32476505	28.04169641
89.32435226	28.04169641
89.32051916	28.03500878
89.26774032	27.95176307
89.2294683	27.90958866
89.18877847	27.88347342
89.14325304	27.86582359
89.10539381	27.84528794
89.0961354	27.80657553
89.07549563	27.76406132
89.02843696	27.69586524
88.99641584	27.65570991
88.99317244	27.64277295
88.98745228	27.64614138
88.97618886	27.65037163
88.97229679	27.65123836
88.96840472	27.6517653
88.9561388	27.65436057
88.92547401	27.64373325
88.91084926	27.6359425
88.8984654	27.62108494
88.89121199	27.60526215
88.87204649	27.60170165
88.85706792	27.58573604
88.85954469	27.57453254
88.84574553	27.56154633
88.82970548	27.55418895
88.8236315	27.54091219
88.82628518	27.52946738
88.83147461	27.52023372
88.83501285	27.51456056
88.81602427	27.49945677
88.80652997	27.47733539
88.79915863	27.45223462
88.81360647	27.41034583
88.83288991	27.37009202
88.85046319	27.34537045
88.82251105	27.32604133
88.79898172	27.34282442
88.75911748	27.34537045
88.73340623	27.32921278
88.72473752	27.2988673
88.7153022	27.29266228
88.69879039	27.28217777
88.63162269	27.26756151
88.60308084	27.25139892
88.57902077	27.22177735
88.56115262	27.1875365
88.55207113	27.15742739
88.55531452	27.1554083
88.56598823	27.14891766
88.63622241	27.11779901
88.66110807	27.10207471
88.67567385	27.0783676
88.68139401	27.05152845
88.68139401	26.99449154
88.68805771	26.94303423
88.70533614	26.96246184
88.72703738	26.97804332
88.74932833	26.98045146
88.76931942	26.95996506
88.77215002	26.94707241
88.77067575	26.9366864
88.77032192	26.9263447
88.77834195	26.91581587
88.78990022	26.91023628
88.80299173	26.90893618
88.8155525	26.91187125
88.82628518	26.91850964
88.85010937	26.91946994
88.87794357	26.90893618
88.90400865	26.8926357
88.92187679	26.87657161
88.93697331	26.85050561
88.94599583	26.82896042
88.96150514	26.81395511
88.99735937	26.80578025
89.06034014	26.80255955
89.0918895	26.80539613
89.12314401	26.81232014
89.13641243	26.81958395
89.14802967	26.82939378
89.15988279	26.83728302
89.17409475	26.83857819
89.18954509	26.83805126
89.23577817	26.8481024
89.26638399	26.83083669
89.30925574	26.80578025
89.34888409	26.78861303
89.41911827	26.79539423
89.4650565	26.7890464
89.50928457	26.7750014
89.5374726	26.75634202
89.53971349	26.73796828
89.52184535	26.70949907
89.53582142	26.70050673
89.55640221	26.70094009
89.59532292	26.71431042
89.61973682	26.71325163
89.67988699	26.69137156
89.69757822	26.68853006
89.7038881	26.68790463
89.74858794	26.68824443
89.75283383	26.6873777
89.76344857	26.68362514
89.76769446	26.68362514
89.77294286	26.68853006
89.77654008	26.6957003
89.77842714	26.70194964
89.77825023	26.70411154
89.77889891	26.70632762
89.77937067	26.71104048
89.78167053	26.71632952
89.78733173	26.72055976
89.79199042	26.72032338
89.80107192	26.71325163
89.80531781	26.71171023
89.81404548	26.71079917
89.81534284	26.71036581
89.83816453	26.70445134
89.84942794	26.70305768
89.87360596	26.70517034
89.9443119	26.72094388
90.07168875	26.73114276
90.11420667	26.74104617
90.14209985	26.76216292
90.17034684	26.82497148
90.20773431	26.84540863
90.2283151	26.84675305
90.26924081	26.84540863
90.28993955	26.85127385
90.30833843	26.86272358
90.323317	26.87551281
90.33941602	26.88609581
90.36200183	26.8923944
90.39986106	26.88714968
90.50353166	26.82539992
90.62913939	26.77086472
90.77403056	26.75745006
91.02807661	26.7697616
91.09836976	26.7729823
91.10444375	26.77519346
91.15964039	26.79640378
91.19301784	26.79673865
91.2322334	26.79245916
91.31172599	26.79414338
91.34999801	26.78663826
91.38313958	26.7697616
91.39894375	26.76470895
91.4218244	26.76509307
91.44016431	26.7695203
91.45938878	26.77673486
91.47672619	26.78611133
91.49099711	26.79818156
91.50385274	26.81717581
91.51311115	26.83626855
91.52437456	26.8525247
91.54466051	26.86401876
91.5599929	26.86613634
91.60516451	26.86401876
91.62138147	26.85998057
91.6318193	26.84646743
91.65747158	26.80010709
91.6721553	26.7890464
91.69320786	26.79063213
91.73366181	26.802269
91.75406569	26.80299291
91.80354216	26.79063213
91.82105648	26.78962258
91.87519164	26.79539423
91.90809733	26.80856758
91.97921607	26.84761979
92.01288838	26.8525247
92.033823	26.84290693
92.04019184	26.82770956
92.04319935	26.81111853
92.05505247	26.79673865
92.07256679	26.7947688
92.08188417	26.80674055
92.08070475	26.82386344
92.06731839	26.83766714
92.09137846	26.84761979
92.09137846	26.86272358
92.08854787	26.87618749
92.10564939	26.88056547
92.12522768	26.87349372
92.16066911	26.8481024
92.18036535	26.84040522
92.24835864	26.84887064
92.28963817	26.88306225
92.29830687	26.91850964
92.30231689	26.9346673
92.28326933	26.99449154
-999	-999
91.29309123	22.17983213
91.28176884	22.21578183
91.26519805	22.22819186
91.25658832	22.25325816
91.23205648	22.27108527
91.19307681	22.28802595
91.17385234	22.28492344
91.1674835	22.207213
91.16630408	22.13649551
91.15592523	22.08779105
91.14861285	22.07139208
91.12809103	22.04440519
91.09589299	22.01214895
91.1027336	21.99781832
91.11541231	21.99062838
91.13304457	21.9864917
91.1608198	21.98540828
91.18222619	21.99703038
91.19466902	22.01456201
91.208822	22.01727055
91.22503896	22.02574089
91.24839139	22.04199212
91.26272128	22.06523631
91.27009263	22.07784333
91.28082531	22.09306039
91.2989883	22.12364226
91.29344505	22.15624322
91.29309123	22.17983213
-999	-999
91.26743894	22.40055343
91.2284003	22.38632129
91.21725482	22.35810324
91.24025342	22.34628416
91.26879527	22.34717059
91.29185284	22.35623189
91.31479247	22.36908513
91.32587897	22.39267405
91.31367202	22.41173231
91.26743894	22.40055343
-999	-999
90.54268825	22.97013455
90.53384263	22.96565315
90.52470217	22.96388028
90.48177145	22.96388028
90.48743264	22.94930342
90.49698591	22.90793664
90.50618535	22.91271352
90.53124792	22.9387155
90.54846738	22.95265216
90.55041342	22.96043305
90.54268825	22.97013455
-999	-999
91.0355659	22.10817897
91.03090721	22.10763726
91.02483322	22.10093978
91.01799261	22.10817897
91.00920597	22.08601819
91.00083212	22.05592879
90.9996527	22.02795697
91.011152	22.01244443
91.03308912	22.01741829
91.0418168	22.04081022
91.0418168	22.0948825
91.03869135	22.10414078
91.0355659	22.10817897
-999	-999
91.07902735	22.17746832
91.08380398	22.19834869
91.08286045	22.21878585
91.07826073	22.23715467
91.07212777	22.25222399
91.06375392	22.25956167
91.05219565	22.24360591
91.04547299	22.21952454
91.0418168	22.1738241
91.03474031	22.15964121
91.02329998	22.14294676
91.01993864	22.12871462
91.03739399	22.12265734
91.07902735	22.17746832
-999	-999
91.07118424	22.15501207
91.0644026	22.13526436
91.06375392	22.08158604
91.07655058	22.09113979
91.08409884	22.10965635
91.08787297	22.13112768
91.08657561	22.14934876
91.07118424	22.15501207
-999	-999
91.61288968	22.48368095
91.58959623	22.473487
91.56376703	22.42236948
91.57043073	22.38967003
91.58936035	22.35002687
91.622325	22.30994049
91.65741261	22.2931968
91.71072218	22.29861388
91.72009853	22.33224901
91.71237336	22.37484694
91.61288968	22.48368095
-999	-999
92.92493022	21.2049551
92.9227483	21.2152968
92.88276612	21.31580821
92.87085403	21.36608854
92.86820034	21.39090861
92.85192441	21.62926004
92.87138476	21.78212012
92.86820034	21.81250501
92.85221926	21.87268382
92.85145264	21.8819421
92.84915278	21.89105264
92.83446906	21.95674702
92.80905266	22.02416501
92.82261594	22.03401425
92.83900981	22.03401425
92.85186544	22.0390866
92.85328074	22.06439913
92.78864878	22.39267405
92.78670275	22.40951623
92.77243182	22.44093529
92.76836284	22.45777747
92.77042681	22.51613418
92.76276061	22.5934999
92.75786604	22.60935716
92.74560012	22.62467272
92.715584	22.6460948
92.70266941	22.66160734
92.69470835	22.69233694
92.68509612	22.77019513
92.66876122	22.78748053
92.63160963	22.80008755
92.61055707	22.826385
92.60212425	22.86021711
92.60318573	22.93083611
92.57470285	23.073453
92.57570535	23.11358862
92.58018713	23.12875644
92.60035513	23.16416443
92.60813927	23.18223777
92.60749059	23.19262871
92.60212425	23.20223171
92.59646306	23.21877842
92.59599129	23.22897238
92.59923469	23.24862159
92.59805527	23.25792912
92.59410423	23.26300147
92.57918463	23.27265372
92.57340549	23.2793512
92.57222608	23.28619642
92.57381829	23.30052705
92.57222608	23.30796322
92.5659162	23.31653205
92.5514094	23.32849887
92.54557129	23.33682147
92.5404998	23.35169381
92.53371817	23.40069374
92.4910823	23.51647147
92.48783891	23.55015585
92.50098939	23.59334473
92.49880747	23.6110241
92.4981588	23.6148653
92.47527814	23.62525625
92.45670235	23.61609646
92.44254936	23.56911562
92.42556578	23.55572066
92.41046927	23.57330154
92.39902894	23.61205827
92.37685593	23.64042406
92.32938447	23.62688137
92.31151633	23.60969446
92.27507239	23.56709653
92.25567101	23.55320911
92.2296649	23.5475458
92.21220956	23.5552282
92.16556368	23.59925427
92.15135173	23.61841103
92.13755257	23.6322492
92.12180738	23.631609
92.11508471	23.61836178
92.11290279	23.59659498
92.11431809	23.55764126
92.14398038	23.44058314
92.14209332	23.40069374
92.11673589	23.36528575
92.10211114	23.35169381
92.08441991	23.34061343
92.02250061	23.31869888
92.00463247	23.30555016
91.97544194	23.27235825
91.94294905	23.22473721
91.92177854	23.17504783
91.92797047	23.1350107
91.94430538	23.1029022
91.9609941	23.03361285
91.97567782	23.00248928
91.97962886	22.99062095
91.97497017	22.98131343
91.95798659	22.96604712
91.95521497	22.96570239
91.94442332	22.96658882
91.94100301	22.96658882
91.93540079	22.96255064
91.93504697	22.95767527
91.93581359	22.95309537
91.9341624	22.9489587
91.91570456	22.92512355
91.90768453	22.91763814
91.88887286	22.90365223
91.88055798	22.8957236
91.86705367	22.88828742
91.83662476	22.88301809
91.82146927	22.87809347
91.81339028	22.87686232
91.80554717	22.87809347
91.79746817	22.88060502
91.78968403	22.88188542
91.77954106	22.87809347
91.77429266	22.8700171
91.77045956	22.8603156
91.76361895	22.85322416
91.74545596	22.84455683
91.74197668	22.84780708
91.74197668	22.85770556
91.73495916	22.86908142
91.71974471	22.8751387
91.70476613	22.87755176
91.69014138	22.88203316
91.67563457	22.89567435
91.67079897	22.90611454
91.66944264	22.93571148
91.66631719	22.93945419
91.65576143	22.94176876
91.65263598	22.94531448
91.64703375	22.97111947
91.62126353	23.04469324
91.61601513	23.05508418
91.6084079	23.08606001
91.60563628	23.08650323
91.58918343	23.10009517
91.58800402	23.10516752
91.58947829	23.11147103
91.58918343	23.11777454
91.58210694	23.12614639
91.58151723	23.12511222
91.57786105	23.1183655
91.57792002	23.11693736
91.56877955	23.13210517
91.55238568	23.15155741
91.53097929	23.16559257
91.5061526	23.16470613
91.49347388	23.15022776
91.48751784	23.12683584
91.48793063	23.08172635
91.50880628	22.99672747
91.50456039	22.96383104
91.46717292	22.97215364
91.44057711	23.00239078
91.42601133	23.04385605
91.40000522	23.20631914
91.39511065	23.2170548
91.3891546	23.22468796
91.38726754	23.23266584
91.39511065	23.24221959
91.40619715	23.25128089
91.4111507	23.25960349
91.40737657	23.26516831
91.39292873	23.26832006
91.37842192	23.27757834
91.36698159	23.2980155
91.35212096	23.34081041
91.34669565	23.36612294
91.34421888	23.37395308
91.33696547	23.38316211
91.31732821	23.39345456
91.3080698	23.40059525
91.29786786	23.41694498
91.28849151	23.45043237
91.27988177	23.46825948
91.24756579	23.51898303
91.2423174	23.53676089
91.24603256	23.56113774
91.26024451	23.56256588
91.27610764	23.56148246
91.28577885	23.57802918
91.2788203	23.59339398
91.26053936	23.59900804
91.24278916	23.60688743
91.23818944	23.62909745
91.24839139	23.64859893
91.26602364	23.65381902
91.28731209	23.65544414
91.30783392	23.66411147
91.31939219	23.68095365
91.34186005	23.73606011
91.3449855	23.75551234
91.34038578	23.76802087
91.32776603	23.79156054
91.32688147	23.8054972
91.33171708	23.81972934
91.36981219	23.87621469
91.38172428	23.88951115
91.39646698	23.90083777
91.41604527	23.90738751
91.43084693	23.90659957
91.43485694	23.90522068
91.44346667	23.90226591
91.45537877	23.90054229
91.46894204	23.90773223
91.48038237	23.94929599
91.48221047	23.9883482
91.49589168	24.01439942
91.54247859	24.01750193
91.62721958	24.00233411
91.66885294	23.9992316
91.71467322	24.00395923
91.74056139	24.01070596
91.75683732	24.01942253
91.76751102	24.03355618
91.77629767	24.05522449
91.78820976	24.11973696
91.79334022	24.13195001
91.80495746	24.12791182
91.82494855	24.08723449
91.83479667	24.07127874
91.85496467	24.06069081
91.87690179	24.05808077
91.89618523	24.06433503
91.90921777	24.07979832
91.90851012	24.09752694
91.90161054	24.11840732
91.89824921	24.13736709
91.9095716	24.15090978
91.9805724	24.13810578
91.99242552	24.13766256
91.99519715	24.13086659
91.99726112	24.10801638
91.99979687	24.09880734
92.03399991	24.07058929
92.0564088	24.06591091
92.07079767	24.07349482
92.07881769	24.09127268
92.10305467	24.17765045
92.10376232	24.19784138
92.09255788	24.23822323
92.09621407	24.25673979
92.12092282	24.26333877
92.13106579	24.25536089
92.1556566	24.24103026
92.17688607	24.23443127
92.17617842	24.24807246
92.15082099	24.28239704
92.15217732	24.29461008
92.24535113	24.28796185
92.27831579	24.29017793
92.30673969	24.30096284
92.32849991	24.32593064
92.33233301	24.35444417
92.3264949	24.4169868
92.33203815	24.43638979
92.34577834	24.44761791
92.36305677	24.45638373
92.37579446	24.46495256
92.37945065	24.46716864
92.390832	24.48233646
92.39672908	24.497849
92.40185954	24.53227206
92.41253325	24.57216146
92.46938106	24.70542157
92.47262445	24.72127884
92.47303725	24.73708685
92.4709143	24.75348583
92.47073739	24.75387979
92.45605367	24.78667774
92.45605367	24.78667774
92.45163086	24.80489882
92.45770485	24.82188875
92.48984392	24.83370782
92.53271566	24.82188875
92.53295155	24.82188875
92.6084931	24.78323051
92.60890589	24.78323051
92.60984942	24.77594208
92.61008531	24.77594208
92.61450811	24.77042651
92.614744	24.77003254
92.62276402	24.76697927
92.63379155	24.7659451
92.70255146	24.78485563
92.7424157	24.79386768
92.7577481	24.81391087
92.76122738	24.82572995
92.75763016	24.84336007
92.7573353	24.84336007
92.74919734	24.85931583
92.7385826	24.86822938
92.73846466	24.86882034
92.71104325	24.87837409
92.71104325	24.87837409
92.71133811	24.87837409
92.72024269	24.88517006
92.72012475	24.88556403
92.71581989	24.89024242
92.71540709	24.89024242
92.70514618	24.89467457
92.70514618	24.89467457
92.66929195	24.91683535
92.66929195	24.91732781
92.6689971	24.92038107
92.66882019	24.92038107
92.6685843	24.92038107
92.64959572	24.92599513
92.64098599	24.92826046
92.64098599	24.92826046
92.64098599	24.92855593
92.63845024	24.93806044
92.63420435	24.95731569
92.60660603	24.97095688
92.57493873	24.98223425
92.55730647	25.0034101
92.5475763	25.00946738
92.48943112	25.01596787
92.46944003	25.02025229
92.45434352	25.02557087
92.4406623	25.033598
92.42538887	25.04522009
92.4085822	25.06285022
92.4013288	25.06831654
92.39248319	25.06984317
92.37715079	25.06619896
92.37089989	25.06831654
92.36329266	25.07279794
92.34701673	25.0733889
92.33805317	25.07619593
92.33150742	25.08180999
92.32047988	25.09628836
92.31210603	25.10175469
92.28214889	25.11231799
92.24617672	25.1194833
92.21014558	25.12064059
92.18036535	25.11313547
92.15931278	25.10717176
92.09698069	25.11534663
91.97780077	25.10234564
91.92372458	25.10687629
91.90668203	25.1047587
91.89919274	25.09929238
91.8928239	25.08678385
91.88486285	25.08161301
91.87477884	25.08402607
91.86038998	25.0900341
91.84765229	25.08978787
91.84175522	25.07319191
91.8304918	25.06378589
91.80436775	25.06053565
91.77570796	25.06137283
91.75683732	25.06541102
91.7389102	25.07747633
91.73142092	25.08964013
91.72316501	25.09756876
91.70364569	25.09830745
91.69421036	25.09466324
91.6755756	25.08245019
91.66230718	25.07944617
91.65010023	25.0777718
91.62763237	25.07196076
91.61684072	25.07033563
91.5729075	25.07476779
91.40755348	25.11674522
91.3536542	25.14045232
91.34150622	25.14016177
91.31721027	25.12929314
91.30341111	25.12746611
91.24143284	25.12929314
91.06222068	25.10525116
91.02695617	25.09466324
91.01710805	25.09343208
90.89096958	25.07949542
90.85971508	25.08254868
90.84326223	25.08934465
90.82952205	25.09791349
90.81495627	25.10495569
90.7971471	25.10707327
90.79119105	25.10431549
90.77927896	25.0938753
90.77285114	25.09082204
90.76300302	25.09013259
90.72166452	25.09618987
90.69754548	25.10534966
90.6849847	25.10879689
90.66900363	25.10909236
90.62412687	25.09939087
90.53248631	25.10633458
90.41879067	25.08629139
90.37963408	25.08737481
90.29253427	25.11794682
90.11733212	25.15016859
89.86918315	25.23798435
89.82678317	25.23654143
89.78674202	25.2231711
89.76946359	25.22581562
89.75643105	25.24581941
89.74670087	25.28212861
89.74269086	25.31738393
89.74746749	25.34662138
89.7490597	25.35696307
89.75796429	25.38466404
89.77418125	25.43544668
89.77648111	25.5134526
89.78674202	25.58549481
89.77541963	25.62589144
89.74994426	25.67821549
89.72959935	25.7710839
89.73390421	25.79613543
89.78196539	25.86745864
89.78674202	25.89164836
89.77795538	25.89785337
89.76032312	25.89905498
89.73944747	25.90953949
89.76126665	25.91588732
89.7768939	25.92684951
89.78049112	25.94094377
89.76545357	25.95705219
89.76415622	25.95859359
89.76250504	25.95859359
89.76091282	25.95801741
89.75878988	25.95739198
89.75855399	25.95695862
89.75837708	25.95695862
89.75065191	25.95041873
89.74345748	25.94781853
89.73667584	25.94983762
89.730307	25.95695862
89.72205109	25.97090513
89.69899352	25.99562178
89.69262468	26.00514599
89.6909735	26.02322918
89.69356821	26.03616615
89.69221188	26.04891105
89.67770508	26.06602902
89.66862358	26.08026608
89.66361106	26.09762536
89.65718325	26.11277348
89.64385586	26.12167226
89.63400774	26.1224405
89.61142194	26.12056422
89.60351985	26.12167226
89.58983864	26.12691205
89.58706701	26.12932019
89.58860025	26.13306782
89.58936687	26.15586387
89.59001555	26.1773155
89.58388259	26.19260643
89.56365562	26.19583205
89.53965452	26.18914442
89.53169346	26.1807775
89.53399332	26.1489891
89.54189541	26.1372045
89.54071599	26.13210752
89.51801225	26.13778068
89.50999222	26.1372045
89.50232602	26.13408229
89.49483674	26.12854702
89.48333744	26.10969559
89.49059084	26.09690636
89.50898972	26.08935693
89.52933463	26.08680597
89.51636107	26.07997553
89.50008513	26.07295303
89.48781922	26.06458611
89.48799613	26.05237306
89.49902366	26.04770452
89.51441503	26.05020623
89.52898081	26.0495808
89.53753157	26.03659951
89.52797831	26.01933381
89.47920948	25.98509295
89.46959725	25.95695862
89.47101255	25.94320416
89.46776916	25.9299274
89.45957222	25.92069374
89.44482953	25.91781284
89.43321229	25.92310188
89.42365902	25.93387202
89.4079728	25.95686013
89.40248852	25.95926334
89.39682733	25.96090324
89.3912251	25.9609968
89.33078007	25.95686013
89.33078007	25.95686013
89.33078007	25.95686013
89.33078007	25.95686013
89.32476505	25.95503309
89.31928077	25.95474746
89.31385546	25.95503309
89.30848912	25.95686013
89.29162348	25.97811969
89.27841403	25.97811969
89.26508664	25.96782725
89.24662879	25.95907128
89.22881962	25.96051419
89.20635176	25.96927016
89.18594787	25.98109909
89.15917515	26.00721433
89.11966473	26.02212114
89.11017044	26.03145329
89.10356571	26.05150632
89.09159465	26.06449254
89.07496489	26.0736277
89.00119247	26.10056043
88.9872164	26.11388151
88.97866564	26.13239807
88.96970208	26.19501457
88.96115132	26.2112658
88.93886037	26.24242877
88.93172491	26.25955166
88.93095829	26.28735112
88.94381391	26.28869554
88.96008984	26.28229846
88.96970208	26.28657796
88.96911237	26.30076578
88.96097441	26.30836446
88.93437859	26.31476154
88.91586177	26.32130143
88.9143875	26.32851599
88.91810266	26.33741477
88.91291323	26.34996269
88.90294717	26.35650751
88.87847431	26.36169805
88.86620839	26.36607604
88.85594747	26.37324135
88.83896389	26.38925621
88.82646209	26.3947373
88.80847601	26.40570442
88.79850995	26.41469677
88.78819007	26.41690793
88.76973222	26.40969336
88.75557923	26.39805649
88.74148522	26.38088928
88.73240372	26.36150599
88.73322931	26.34352129
88.756051	26.32322695
88.78842595	26.3139933
88.81620118	26.3023515
88.82646209	26.27234582
88.83347961	26.26426452
88.84267905	26.26166925
88.85252717	26.26402321
88.86290603	26.26965205
88.85895498	26.24728937
88.86715192	26.24050817
88.88042034	26.24012405
88.89221449	26.23718898
88.89858334	26.21771212
88.87576165	26.20453385
88.82646209	26.19419708
88.79461788	26.20289888
88.74525935	26.24445279
88.71500735	26.24916565
88.69265743	26.23637149
88.67585076	26.20213064
88.6582185	26.1965018
88.63917094	26.20338149
88.62855621	26.2183868
88.62142074	26.23588888
88.61251616	26.25161811
88.57223913	26.2648407
88.47770899	26.23541119
88.45807173	26.24776706
88.46638661	26.25498162
88.50760717	26.27234582
88.52205501	26.28263826
88.53237489	26.30177532
88.52942635	26.31481078
88.51456572	26.32457137
88.48897241	26.33558774
88.48219077	26.34308793
88.48348813	26.36155524
88.47511428	26.364968
88.46532513	26.36766176
88.46273042	26.37449221
88.46491234	26.3835338
88.46986588	26.39190072
88.44397771	26.39718976
88.43188871	26.40190262
88.42003558	26.40844251
88.41095409	26.4178239
88.40452627	26.42955926
88.39697802	26.43984679
88.38347371	26.44470738
88.35982643	26.44427402
88.35092185	26.44528356
88.3252106	26.45446797
88.30262479	26.46707007
88.29360227	26.47481156
88.2816312	26.48572944
88.26759616	26.49539646
88.25303038	26.50991915
88.23528018	26.51684316
88.19559286	26.52670224
88.18108605	26.54108212
88.17790163	26.56137647
88.1785503	26.58335503
88.17707604	26.60254133
88.16687409	26.60836223
88.15260317	26.59600144
88.13880401	26.57648027
88.13048913	26.56166702
88.10760847	26.49501234
88.0930427	26.47476232
88.0930427	26.47476232
88.08714562	26.4608158
88.08838401	26.44369784
88.09675785	26.42975132
88.1113826	26.42614158
88.11645409	26.43239584
88.11969748	26.45615219
88.12335367	26.46346032
88.13131472	26.46394293
88.15755671	26.45427591
88.2221297	26.44369784
88.25167405	26.43220378
88.26759616	26.40935849
88.28988711	26.3537645
88.29236388	26.32721589
88.26759616	26.33034302
88.25910437	26.32860956
88.24819478	26.3274572
88.23758004	26.32803338
88.23050355	26.3309192
88.21876837	26.33702573
88.21239952	26.33270191
88.20697421	26.32303489
88.19883625	26.31408686
88.1462933	26.2863859
88.1291328	26.27340461
88.11220819	26.25358795
88.10831612	26.23843983
88.11020319	26.20097828
88.10076787	26.18544111
88.08101266	26.1752964
88.01596791	26.15629723
87.99302828	26.15235262
87.98070339	26.14860498
87.97291925	26.1419666
87.96607864	26.13431867
87.95634846	26.12710903
87.91919688	26.10739087
87.9102923	26.09507933
87.89761358	26.0611241
87.89413431	26.055643
87.89248313	26.05035396
87.89413431	26.04015508
87.89802638	26.03525017
87.90474905	26.0315961
87.91094098	26.02558314
87.91259216	26.01447321
87.9050439	25.99461223
87.87691484	25.97600211
87.85527257	25.94166276
87.83451487	25.88299088
87.82838191	25.87524939
87.82266174	25.87241281
87.81935938	25.8674094
87.82773323	25.82153167
87.83557634	25.80590094
87.83398413	25.79734196
87.83398413	25.78791624
87.85185227	25.77127596
87.85686478	25.76208663
87.86453098	25.74275751
87.87897882	25.72991411
87.8997955	25.73083009
87.92196851	25.73900495
87.9405443	25.74785449
87.99019768	25.76006754
88.02664162	25.7444368
88.09410417	25.67893941
88.17542485	25.63281545
88.20502818	25.60473037
88.20980481	25.54149337
88.22572692	25.52874846
88.26753719	25.511532
88.27885957	25.49041525
88.30928849	25.47113045
88.31795719	25.45613007
88.32910267	25.44703923
88.35180641	25.44300104
88.3996317	25.44160245
88.42150985	25.4327086
88.4577179	25.41284269
88.4811293	25.40837114
88.49404389	25.41164109
88.50430481	25.41996369
88.51368116	25.42967503
88.52565222	25.43794839
88.53449784	25.43948979
88.5444639	25.43756427
88.55525555	25.43727372
88.56628308	25.44160245
88.56545749	25.45973489
88.59948362	25.44853139
88.60939071	25.44150889
88.6227181	25.42808931
88.63698903	25.41765404
88.64724994	25.40389959
88.64884215	25.38206384
88.62991253	25.34561183
88.63008945	25.3393625
88.64223742	25.33176381
88.6453039	25.32310634
88.64618847	25.31339007
88.65108304	25.30213732
88.67761988	25.27477123
88.68540402	25.26885676
88.69690332	25.26659637
88.72037369	25.26510421
88.72697841	25.26053909
88.7455542	25.24442574
88.77209105	25.24153992
88.82652106	25.24355901
88.83489491	25.23509852
88.83719477	25.2256728
88.83436418	25.2150898
88.82658003	25.20513715
88.78459285	25.17950453
88.77486267	25.1686359
88.77362429	25.15468939
88.77680871	25.14093493
88.77362429	25.13097736
88.75316143	25.12718048
88.76920148	25.10534966
88.74083654	25.10707327
88.66429249	25.12934239
88.65698012	25.13299645
88.64972671	25.13501554
88.64082213	25.13338057
88.63350975	25.12621525
88.62201045	25.10402001
88.61298793	25.0983567
88.54623302	25.10402001
88.47912429	25.12482159
88.44509816	25.13035193
88.40605951	25.13121867
88.3957986	25.12819003
88.38205841	25.115061
88.37415633	25.11091447
88.36153659	25.10835367
88.35640613	25.10874764
88.35127567	25.11091447
88.32102367	25.11736572
88.28611298	25.12929314
88.26765513	25.13333625
88.22967796	25.1275646
88.21859145	25.110619
88.22153999	25.052804
88.21228158	24.98543525
88.1991311	24.95539509
88.17318396	24.92835895
88.16970469	24.90137205
88.15620038	24.87748766
88.11733865	24.83493898
88.0968758	24.80514505
88.0867918	24.79839833
88.06798012	24.8000727
88.02103939	24.81026665
88.00747612	24.81100534
88.00653258	24.82962039
87.99633064	24.84956509
87.98064442	24.86699823
87.96224554	24.87729068
87.94072121	24.87886656
87.9199635	24.87285852
87.86458995	24.84784147
87.86458995	24.8429661
87.87072291	24.83804149
87.87585337	24.82917718
87.89041915	24.79332597
87.89360357	24.77426771
87.88287089	24.76097124
87.86730261	24.74831498
87.85645199	24.72955219
87.84200415	24.73166978
87.83475075	24.72452908
87.83156633	24.71226679
87.83003309	24.69847786
87.82230792	24.68887486
87.80786008	24.68685577
87.7957121	24.6826206
87.79010988	24.6377081
87.77548513	24.61988099
87.7664626	24.60146292
87.76050656	24.57048709
87.781795	24.56556247
87.79989903	24.55901273
87.8110445	24.5382801
87.82761529	24.52399871
87.8312125	24.51774445
87.8312125	24.46475558
87.83227398	24.45938774
87.83657884	24.45594051
87.84648593	24.44476163
87.85680581	24.43013552
87.85869288	24.42304408
87.89106783	24.41713454
88.18456532	24.28874979
88.26747822	24.23388957
88.29307153	24.22911269
88.36584145	24.22610867
88.42074323	24.21054689
88.44551095	24.21187653
88.46225865	24.23384032
88.47417075	24.25688752
88.49840773	24.25260311
88.53502858	24.23384032
88.56062189	24.20498207
88.56669588	24.16484645
88.56905471	24.16026655
88.57200324	24.14352286
88.57453899	24.1398294
88.57058795	24.13052187
88.55755541	24.11446762
88.55401716	24.10589879
88.55395819	24.10589879
88.53656181	24.0986596
88.51185306	24.0909772
88.50064862	24.08221139
88.49410286	24.06960437
88.49445669	24.05950891
88.49952817	24.03931798
88.49840773	24.0274989
88.49127227	24.00597833
88.489798	23.99681854
88.49510537	23.98519645
88.51603999	23.96988089
88.51969618	23.95702764
88.54652787	23.95200453
88.54723552	23.94190907
88.53443887	23.92738145
88.5204628	23.90787997
88.52818797	23.89576542
88.53485166	23.87655941
88.53785917	23.85494035
88.53449784	23.836867
88.52364722	23.82475245
88.48130621	23.79023089
88.46644558	23.78028316
88.44468536	23.7765897
88.42150985	23.77841181
88.39957273	23.77713141
88.3818815	23.76560781
88.37810737	23.75625104
88.37952267	23.74674653
88.3818815	23.73758674
88.38176356	23.72837771
88.37586648	23.71636165
88.3592957	23.69498881
88.35375245	23.68395767
88.35375245	23.6746009
88.36177247	23.65903911
88.36324674	23.64987933
88.33989432	23.55744428
88.34148653	23.54601917
88.35174744	23.54168551
88.36360056	23.53971566
88.36914381	23.53572672
88.36684396	23.5232182
88.36324674	23.5155358
88.3641313	23.50888756
88.37480501	23.49918607
88.38624534	23.49504939
88.40835937	23.49692075
88.41720499	23.49539411
88.43389371	23.48042328
88.45989982	23.4410756
88.47894738	23.42413492
88.51173512	23.4051259
88.5238831	23.40049676
88.54045389	23.37326363
88.55431202	23.37779428
88.56734455	23.39468571
88.58226416	23.40414098
88.59700685	23.39443948
88.59458905	23.37218022
88.54010006	23.25197033
88.51285557	23.21602064
88.5027126	23.19646991
88.50365613	23.17445687
88.5148016	23.15490615
88.52989812	23.14372727
88.60331672	23.12397956
88.61499293	23.12397956
88.62383855	23.1273283
88.63132783	23.13338557
88.64123492	23.13850718
88.65585967	23.14067401
88.67490723	23.13722678
88.75304349	23.11481977
88.76247881	23.11112631
88.77232693	23.10881174
88.8030507	23.10950119
88.80936057	23.10492129
88.80900675	23.09659869
88.80352247	23.08586303
88.79367435	23.07621078
88.7637172	23.05518267
88.7028004	23.00150435
88.68782183	22.97589635
88.68493226	22.92408938
88.67437649	22.89552661
88.67384575	22.87572965
88.6783865	22.86445228
88.69955701	22.84214377
88.71111528	22.82628651
88.7348805	22.7789117
88.74803098	22.76576297
88.77940342	22.75748962
88.79208214	22.74729566
88.79455891	22.73370372
88.79278979	22.71390676
88.78854389	22.69410981
88.78347241	22.68086259
88.77150134	22.66535005
88.75911748	22.65284152
88.75156922	22.63900335
88.75422291	22.62097926
88.76743236	22.59202251
88.77126546	22.5786768
88.77598312	22.55636829
88.78984125	22.53519244
88.80045599	22.50953519
88.80552747	22.48269603
88.79856892	22.4594026
88.77362429	22.44497347
88.8082991	22.43404082
88.82174443	22.42507802
88.83165152	22.38774943
88.85252717	22.34786004
88.85694998	22.32446811
88.85494497	22.31639174
88.84533274	22.30319377
88.8423842	22.29309831
88.84256111	22.28300284
88.85559365	22.22971849
88.86196249	22.21750545
88.88053828	22.19106026
88.86438029	22.18170349
88.87493606	22.16077387
88.92382282	22.10758801
88.93319918	22.09064733
88.93933214	22.07085038
88.94127817	22.04652277
88.92217164	22.02613486
88.92164091	22.02549466
88.92529709	22.00668263
88.91839751	21.96048973
88.92364591	21.94502643
88.94829569	21.91666064
88.95649263	21.89558328
88.95607983	21.87219136
88.94422671	21.83033212
88.94104229	21.80950099
88.94351906	21.7926588
88.97117635	21.71110716
88.97618886	21.70445893
88.98762919	21.69648105
89.01222	21.68544991
89.02708063	21.68215042
89.0333905	21.68648408
89.03810817	21.69544688
89.04889982	21.7053946
89.05916073	21.71071319
89.0640553	21.70687199
89.06464501	21.69529914
89.06623722	21.68648408
89.10085306	21.60473545
89.09861217	21.59355657
89.0870539	21.58587417
89.08274903	21.5681948
89.08929479	21.54928427
89.11034735	21.53948428
89.13228448	21.54150338
89.15451645	21.54928427
89.17391784	21.56085712
89.18677346	21.57316866
89.16342104	21.58277166
89.16017765	21.59404903
89.17904829	21.62857059
89.18376595	21.65299669
89.17214871	21.6919504
89.17161798	21.71755841
89.17904829	21.71755841
89.18529919	21.70416345
89.19096039	21.70445893
89.1963857	21.71263379
89.21484355	21.7497654
89.22162518	21.75986086
89.2333014	21.77187692
89.2520541	21.78773419
89.25618205	21.79689397
89.25618205	21.81304671
89.25128748	21.82688489
89.24421099	21.8394919
89.24090862	21.85209892
89.24792615	21.86770996
89.25624102	21.86770996
89.26125354	21.85027681
89.28218816	21.81664168
89.28696479	21.7965985
89.28360346	21.77305883
89.2693915	21.74257546
89.26325854	21.7240589
89.25983824	21.67919565
89.26131251	21.65348915
89.26756341	21.63846907
89.29575144	21.61143293
89.30843015	21.61251634
89.34906101	21.64176856
89.36415752	21.65777356
89.3748902	21.67643786
89.3791361	21.69948506
89.37642344	21.72351719
89.37235446	21.74031013
89.37359284	21.75429604
89.38585876	21.77177843
89.40101425	21.78359751
89.41575694	21.79256031
89.42731521	21.80423165
89.43763509	21.85756525
89.43568906	21.86421348
89.42743315	21.87347176
89.41363399	21.89789785
89.40956501	21.90917522
89.40484735	21.9145923
89.40242955	21.91912295
89.4013091	21.92636213
89.40402176	21.92990786
89.41776195	21.93192695
89.42342314	21.93665458
89.43262258	21.96157314
89.43368405	21.97644548
89.42784595	21.98772285
89.42082843	21.99619319
89.41504929	22.00840624
89.41109825	22.02071778
89.40950604	22.02963134
89.4065575	22.03199515
89.40048351	22.02505144
89.39535306	22.01195196
89.39399673	21.99771982
89.38574082	21.99771982
89.37677727	22.12477492
89.38574082	22.19115875
89.39399673	22.19115875
89.40520117	22.16944119
89.40649853	22.14915177
89.40119116	22.10419003
89.40396279	22.08380212
89.4545597	21.98437411
89.45373411	21.97097916
89.44217584	21.95049275
89.43922731	21.93995408
89.44058363	21.8953863
89.44966513	21.87982451
89.47059975	21.88913204
89.47608403	21.90336418
89.48498862	21.96763042
89.48746539	21.9774304
89.49902366	21.99658716
89.50179529	22.00870172
89.50102867	22.03135495
89.49831601	22.0410072
89.49271379	22.05322025
89.46924342	22.08754482
89.46782813	22.1007428
89.4813914	22.11891463
89.50285676	22.13250657
89.50934354	22.14092766
89.49920057	22.16431959
89.50344647	22.17308541
89.51642004	22.18421504
89.53181141	22.2116944
89.54207232	22.22454765
89.55439721	22.23183608
89.5437235	22.21435369
89.53652907	22.19470447
89.53269597	22.17402109
89.53145758	22.15240202
89.52243505	22.13615079
89.48823201	22.09842823
89.48876275	22.0846393
89.50385926	22.06956997
89.5178943	22.05090568
89.52768345	22.02992681
89.53145758	22.00875096
89.52550153	21.98668868
89.49872881	21.94729175
89.49271379	21.92646063
89.48404509	21.86835016
89.48864481	21.79581056
89.48504759	21.77931309
89.4765558	21.76380055
89.45579809	21.74380661
89.44701145	21.73075638
89.44353217	21.70815239
89.45644677	21.66668712
89.45450073	21.64905699
89.48634495	21.60867514
89.51011016	21.59577265
89.53145758	21.61404297
89.52898081	21.62275954
89.51671489	21.6495987
89.51960446	21.6548188
89.5475566	21.65979266
89.56011737	21.65925095
89.57350374	21.65211026
89.60110205	21.64620072
89.62545698	21.66043286
89.63742804	21.68003283
89.62787478	21.68983282
89.60534795	21.69943582
89.58052126	21.72159659
89.5586431	21.74666289
89.54620027	21.76508095
89.57733684	21.82023665
89.5935538	21.80093216
89.59561777	21.79127991
89.58364671	21.77384677
89.58441333	21.76261864
89.58842334	21.75217846
89.5935538	21.74434832
89.60694016	21.73504079
89.62586977	21.72868804
89.64674543	21.72524081
89.66549813	21.72400965
89.6794742	21.72952522
89.69639881	21.73907898
89.71025694	21.74149204
89.71633093	21.72765387
89.72134344	21.72253227
89.73307862	21.72400965
89.7538953	21.73075638
89.76433313	21.73577949
89.76810726	21.74031013
89.77034815	21.74474229
89.77659905	21.75129203
89.80543575	21.77286185
89.8301445	21.77660455
89.83816453	21.77941159
89.84571278	21.79512111
89.83975674	21.8081221
89.82855229	21.81969495
89.81958874	21.83845773
89.80443325	21.85845168
89.80001044	21.86780845
89.7998925	21.87824863
89.80543575	21.89627273
89.80702796	21.90567875
89.80183854	21.92926766
89.78868805	21.94502643
89.76899182	21.95546662
89.74534454	21.96418319
89.74534454	21.97127463
89.76657402	21.97127463
89.78379348	21.96743343
89.80001044	21.96635002
89.81870417	21.97467262
89.82819847	21.98762436
89.83144186	22.00446655
89.82979068	22.03957906
89.81669917	22.10709555
89.80525884	22.14250354
89.79151865	22.1635809
89.83816453	22.23877979
89.84252836	22.26005413
89.83845938	22.27714255
89.83214951	22.29423097
89.82984965	22.31540682
89.86369887	22.29285208
89.88315922	22.28846917
89.89188689	22.30417869
89.89778397	22.32057766
89.91323431	22.33638568
89.94897059	22.36726303
89.95268575	22.37007006
89.98335055	22.38735546
89.96984624	22.37785095
89.96312358	22.36706604
89.95905459	22.35455752
89.95268575	22.34224598
89.86033753	22.23040794
89.8382235	22.18451052
89.83421349	22.17106632
89.83268025	22.16008442
89.83421349	22.1494965
89.8382235	22.13639702
89.84423852	22.12644929
89.85815562	22.107785
89.86110415	22.09788652
89.8636399	22.07277098
89.87413669	22.03130571
89.87655449	21.95714099
89.87985686	21.9454204
89.88952806	21.92286566
89.89194586	21.91281944
89.89860956	21.89326871
89.91588799	21.87662351
89.93611497	21.87012302
89.95268575	21.88204059
89.95545738	21.89489384
89.95268575	21.9402988
89.95917253	21.94886763
89.98912968	21.97349071
89.99921368	21.98476808
90.01690491	22.03376801
90.03093996	22.05120116
90.05965872	22.05996697
90.05317193	22.04800016
90.04261617	22.04145042
90.03029128	22.03677203
90.01979448	22.02697204
90.01590241	22.01195196
90.01071298	22.00087158
90.01478197	21.97088067
90.01159754	21.95541737
90.00452105	21.94847366
89.99467293	21.94453397
89.9840582	21.93704855
89.97556641	21.92508173
89.97432802	21.90951995
89.96819506	21.89587876
90.00357752	21.88337023
90.01472299	21.88213908
90.03070407	21.88469988
90.036896	21.88932902
90.04031631	21.89656821
90.05452826	21.91508476
90.06349182	21.93675307
90.07157081	21.94694703
90.13791292	22.00663338
90.15654768	22.01574392
90.18638689	22.0192404
90.20219105	22.02889264
90.21610816	22.05159513
90.23604027	22.09507949
90.23934264	22.06838807
90.23102776	22.04154891
90.21357241	22.0192404
90.19016102	22.00530373
90.18408703	22.00663338
90.17530039	22.01052383
90.16509844	22.01264141
90.15548621	22.00919418
90.1496481	22.00274293
90.14145117	21.99092385
90.13584894	21.98486658
90.08985175	21.95009878
90.07917804	21.93576815
90.07540391	21.92385058
90.07322199	21.91104658
90.06779668	21.89592801
90.05818445	21.88346873
90.04532882	21.87539236
90.03253217	21.86908885
90.02209434	21.86189891
90.00982842	21.83909793
90.00687988	21.78468093
89.99903677	21.75803875
90.01254108	21.75675835
90.02704788	21.74666289
90.03677806	21.74489003
90.04668515	21.74907595
90.06072019	21.76237241
90.07145287	21.76557341
90.08218555	21.77428999
90.10194076	21.8151643
90.11320417	21.82757433
90.1078968	21.8170849
90.10813269	21.81112611
90.11119917	21.80536431
90.11320417	21.79709096
90.10695327	21.78512414
90.09592574	21.77581662
90.0891441	21.76601663
90.09775383	21.75178449
90.0786473	21.75513323
90.07121699	21.74203375
90.07593465	21.72578252
90.0939797	21.71800162
90.11367594	21.71435741
90.15584003	21.69997753
90.17866172	21.69692426
90.19971428	21.70042074
90.21510565	21.70898957
90.27684804	21.75301564
90.28817043	21.76611512
90.29683913	21.78620756
90.30745387	21.82333916
90.31228947	21.86170192
90.3170661	21.87972602
90.3386494	21.91636516
90.34360295	21.93384755
90.34637457	21.93788574
90.36052756	21.95147768
90.38104938	21.97693794
90.38570807	21.98550678
90.39001294	21.99821229
90.39366913	22.02977908
90.39685355	22.03982529
90.40121738	22.04159815
90.40670167	22.03928358
90.41112447	22.03918509
90.4138961	22.05312176
90.4163139	22.05681522
90.41843685	22.05858808
90.420147	22.06006547
90.42846188	22.0673539
90.43365131	22.07400213
90.43524352	22.08178302
90.43105659	22.0916815
90.42545437	22.09567044
90.41814199	22.09823124
90.40917844	22.104584
90.40670167	22.11940709
90.41784714	22.16372864
90.41301154	22.18460901
90.43152836	22.18057082
90.43518454	22.1680623
90.42816702	22.13649551
90.43028997	22.1231498
90.44344045	22.09507949
90.43866382	22.0711951
90.41189109	22.02342632
90.40516843	21.99821229
90.41218595	21.99052988
90.42899261	21.98176407
90.44774532	21.97462337
90.46248801	21.97147162
90.47528466	21.97664247
90.4863122	21.98782135
90.51815641	22.03440821
90.52487908	22.05021623
90.52782762	22.0635127
90.53242734	22.07252474
90.54422149	22.08148755
90.57406069	22.09507949
90.59593885	22.09965938
90.62241672	22.13452566
90.65791712	22.21125118
90.66463979	22.25251947
90.66346037	22.27320286
90.65785815	22.29378775
90.63592103	22.32919574
90.62784203	22.34746607
90.62754718	22.37026704
90.63320837	22.36775549
90.65042783	22.36258464
90.63149822	22.3977464
90.6182298	22.4311353
90.59782591	22.45999355
90.55807962	22.48092317
90.53690911	22.48402568
90.51709494	22.48151412
90.50046518	22.47304378
90.48931971	22.45969807
90.48696088	22.44886392
90.49061706	22.42901771
90.48931971	22.41862677
90.48418925	22.4119293
90.47669996	22.40749714
90.46962347	22.40148911
90.46643905	22.39075345
90.46643905	22.40577353
90.47917674	22.46171717
90.48554558	22.47683574
90.49604237	22.48249905
90.52163569	22.48530608
90.53130689	22.49008296
90.54251134	22.50219751
90.54551885	22.50958444
90.54133192	22.54459846
90.52782762	22.57724866
90.52340481	22.60847073
90.5199845	22.61866469
90.50771859	22.63368477
90.48849412	22.64767068
90.46932862	22.65013298
90.45865491	22.63176416
90.43695367	22.64112094
90.40493254	22.649936
90.38871558	22.66027769
90.41307051	22.6737219
90.42663378	22.66190282
90.44167133	22.66697517
90.44638899	22.6806656
90.42822599	22.69361734
90.45959844	22.69977312
90.47316172	22.72764644
90.48330469	22.76142931
90.50459313	22.78373782
90.52033833	22.78477199
90.53679117	22.78162024
90.55359784	22.78009361
90.57028657	22.78684033
90.57582982	22.79624635
90.57134804	22.80343629
90.55796168	22.81190663
90.55460034	22.81579707
90.55000062	22.81683124
90.54563679	22.81737295
90.54268825	22.81825938
90.53944486	22.82535083
90.54139089	22.83721915
90.53897309	22.84234076
90.51638729	22.86676685
90.49551164	22.89675776
90.48012027	22.92871852
90.47534364	22.95043608
90.47375142	22.95718281
90.47935365	22.97407424
90.49309384	22.97830941
90.53502205	22.97747222
90.55642844	22.98175664
90.5722326	22.98845412
90.58426264	22.99840184
90.59688238	23.01263398
90.60443064	23.01263398
90.60443064	23.00554254
90.59328516	22.99859883
90.58827265	22.98840487
90.59086736	22.97993453
90.60443064	22.97742298
90.61168404	22.98348026
90.64199502	23.0194792
90.64612297	23.04351133
90.6412284	23.10295145
90.63580309	23.12299463
90.64588709	23.11353937
90.65443785	23.10364089
90.6589786	23.09817457
90.65502755	23.13387804
90.65025092	23.15027701
90.61752215	23.19203775
90.60838168	23.19878448
90.53502205	23.2056297
90.51762567	23.21040657
90.48648911	23.22385078
90.45104768	23.23030202
90.44114059	23.23946181
90.43429998	23.25226581
90.42386216	23.26472509
90.40628887	23.27718437
90.2613977	23.3499702
90.25066502	23.36100134
90.25190341	23.37247569
90.28993955	23.35179231
90.3323985	23.33854509
90.55159283	23.30323559
90.58915721	23.28979139
90.59092633	23.30564865
90.59812077	23.32322953
90.60720226	23.33805263
90.61592994	23.3442084
90.6192323	23.35543652
90.61699141	23.44590172
90.60785094	23.45442131
90.56609964	23.45584945
90.5478187	23.45826251
90.52924291	23.46417205
90.51355669	23.4744645
90.50453416	23.49022327
90.53307601	23.4751047
90.54752385	23.47077103
90.56615861	23.46968762
90.58396778	23.47077103
90.59729518	23.4751047
90.60325122	23.48367353
90.59700032	23.49770868
90.63804397	23.51194083
90.65632491	23.51381218
90.66505258	23.50386445
90.66982922	23.50529259
90.67136246	23.50578506
90.67136246	23.50657299
90.67336746	23.51115289
90.68038498	23.50396295
90.65213799	23.49273482
90.63426985	23.46968762
90.62996498	23.44082937
90.64688959	23.40089073
90.65166622	23.39729576
90.66794215	23.40620931
90.69613018	23.41384247
90.71777245	23.42482436
90.7299794	23.42374095
90.74961666	23.41394096
90.7574008	23.43496907
90.73740971	23.44836403
90.72750262	23.45786854
90.73068705	23.46200522
90.75020637	23.46225145
90.76105699	23.46136502
90.76730789	23.45584945
90.77237938	23.4417158
90.77178967	23.40468268
90.74537077	23.39237114
90.68044395	23.39271587
90.65290461	23.37843448
90.64352826	23.35543652
90.6422309	23.2960949
90.64494355	23.27718437
90.6557352	23.24645476
90.6749007	23.22522967
90.70308873	23.23384775
90.7027349	23.22877539
90.70462197	23.22754424
90.70780639	23.22715027
90.71163949	23.22606685
90.69913769	23.21759651
90.70002225	23.20405382
90.71842113	23.17120663
90.71158052	23.17120663
90.71612127	23.15209912
90.70709874	23.13358256
90.69442003	23.11368711
90.68811015	23.09162483
90.68645897	23.05035655
90.6734854	22.98855261
90.6734854	22.97752147
90.67596218	22.96555465
90.68811015	22.93930645
90.77456129	22.84106035
90.7803994	22.82874881
90.78358382	22.80594784
90.79183973	22.78905641
90.80180579	22.77393784
90.81088728	22.75620922
90.81914319	22.72208163
90.83294235	22.69460227
90.83459353	22.68411284
90.83789589	22.67716913
90.85370006	22.65850483
90.86107141	22.64013601
90.86985805	22.6352114
90.88000102	22.63132095
90.88872869	22.6255099
90.9018202	22.58906774
90.90700963	22.58360142
90.94003326	22.58601448
90.95241712	22.58118836
90.96096788	22.55301955
90.97718484	22.53460149
90.98078206	22.52499848
90.98779958	22.51593719
91.0184054	22.4978146
91.02524601	22.48392719
91.04016562	22.47363474
91.07389689	22.47210811
91.11016391	22.47708197
91.13286766	22.48663572
91.13552134	22.50579248
91.12649882	22.53519244
91.1114023	22.56296728
91.09494946	22.57749489
91.11104848	22.58177931
91.12054277	22.57252103
91.13292663	22.54193916
91.14507461	22.52430904
91.15610214	22.51234222
91.16830909	22.46949806
91.19054107	22.44216644
91.23305899	22.42458556
91.28784283	22.43423781
91.31709233	22.44083679
91.33820386	22.4549212
91.36061275	22.47329001
91.37358632	22.51209599
91.38260885	22.52622964
91.38620606	22.53908289
91.37394014	22.55932306
91.34415991	22.56956626
91.27946898	22.58365066
91.27946898	22.59069287
91.3052392	22.59010191
91.31314128	22.59739034
91.30795186	22.60832299
91.29391682	22.61891092
91.29391682	22.62560839
91.3320709	22.6248697
91.34905448	22.62324458
91.3627357	22.61891092
91.36326643	22.61600539
91.3627357	22.60073908
91.364151	22.59704562
91.36839689	22.59665165
91.37323249	22.59807979
91.40755348	22.59177628
91.40849701	22.59069287
91.42660104	22.59177628
91.44547168	22.59581447
91.45956569	22.60428481
91.46251423	22.61886167
91.45396347	22.62482046
91.43603636	22.63196115
91.41563247	22.63742747
91.47342382	22.6383139
91.49312006	22.64235209
91.50414759	22.65141338
91.50131699	22.66072091
91.47772869	22.66623648
91.47772869	22.67391888
91.50220156	22.67322943
91.52095426	22.67002843
91.5374071	22.66357719
91.55427274	22.65274303
91.55073449	22.67677516
91.55633672	22.69947764
91.57178706	22.71572887
91.59643684	22.72198313
91.60734643	22.73286654
91.62674781	22.78546144
91.63058091	22.80442121
91.63889579	22.80442121
91.63842402	22.78063531
91.62026103	22.73779115
91.61353836	22.7082927
91.60292362	22.69632588
91.60050582	22.68411284
91.60245185	22.67121034
91.60734643	22.66106563
91.61477674	22.65614102
91.62362236	22.6601792
91.63229106	22.64456817
91.64797729	22.62590387
91.66761455	22.61103153
91.70305598	22.59906471
91.84623699	22.4324157
91.92195546	22.30821688
91.93386755	22.27167623
91.95309202	22.15678493
91.9704884	22.13452566
91.99502023	22.13290054
92.01383191	22.14496585
92.0142447	22.16402411
92.00427864	22.17072159
91.98988978	22.17500601
91.97821357	22.18239293
91.97520606	22.19859492
91.98340299	22.20883812
92.01088337	22.22095268
92.01430367	22.22568031
92.03411785	22.23193457
92.05098349	22.24350742
92.06378014	22.25473555
92.07156429	22.26015262
92.06944134	22.26817975
92.08064578	22.30659175
92.08294564	22.32171033
92.09874981	22.32121786
92.10570836	22.32171033
92.07982019	22.25069736
92.06761324	22.23257477
92.04355317	22.22223308
92.01483441	22.21494465
91.9950792	22.20297783
91.99849951	22.17805927
92.00651953	22.17249445
92.01831369	22.16771758
92.02780798	22.15978894
92.02951813	22.142996
92.02385694	22.13418094
92.01389088	22.12664628
92.00386585	22.11679704
91.99844054	22.10157998
91.99961995	22.07685841
92.00651953	22.05193985
92.01748809	22.03032078
92.02951813	22.01293689
92.03641771	22.01293689
92.03641771	22.03238912
92.0444967	22.04494689
92.05440379	22.04671976
92.06018293	22.03337405
92.05664468	22.03603334
92.04461465	22.04007152
92.04667862	22.00530373
92.07551533	21.90316719
92.07551533	21.86500142
92.07887666	21.85613711
92.09485774	21.84092004
92.09798319	21.83131704
92.10329056	21.79142765
92.10836204	21.77099049
92.11425912	21.75838347
92.12157149	21.76764175
92.13041711	21.77458546
92.14067802	21.77911611
92.15229526	21.78015028
92.15229526	21.77256637
92.13725772	21.7664106
92.12510974	21.75803875
92.12068693	21.74878047
92.12929666	21.73868501
92.1092466	21.73011618
92.09727554	21.7086941
92.09580127	21.68476046
92.10618012	21.6765856
92.12339959	21.68047605
92.14521877	21.68677955
92.19717201	21.6900298
92.19717201	21.68323383
92.17087105	21.67436952
92.1639125	21.65895547
92.17193253	21.65068212
92.19033141	21.66200873
92.19723098	21.65491729
92.1802474	21.64167007
92.16579957	21.63876455
92.15589248	21.63369219
92.15211835	21.61089122
92.15671807	21.59665908
92.16668413	21.58484
92.17706298	21.58326412
92.18272418	21.60059877
92.19039038	21.60059877
92.19056729	21.58877969
92.18467021	21.57297167
92.18154476	21.55755762
92.19033141	21.54549231
92.20908411	21.54509835
92.22217562	21.55942898
92.2367414	21.59355657
92.22860343	21.59355657
92.23332109	21.59670832
92.23526713	21.59990932
92.23668243	21.60769022
92.24092832	21.59990932
92.24092832	21.59134049
92.23680037	21.58242694
92.23367492	21.57183901
92.24033861	21.56981992
92.24859452	21.56336867
92.25054056	21.55479984
92.24393583	21.54539382
92.24835864	21.53554459
92.24517422	21.52815767
92.22854446	21.51111849
92.23326212	21.49476877
92.22211665	21.48038889
92.20672528	21.46842207
92.19717201	21.45734168
92.19670025	21.43892362
92.203246	21.417994
92.21403765	21.39977292
92.22854446	21.38859404
92.2070791	21.39474981
92.1893289	21.38406339
92.17576563	21.36544834
92.16721487	21.34791671
92.16361765	21.34954183
92.16226132	21.3499358
92.16119985	21.35062525
92.15878205	21.35397399
92.15200041	21.35397399
92.15577454	21.33752577
92.16326382	21.31974791
92.17417342	21.30526953
92.18661625	21.29960623
92.19670025	21.28990473
92.25873749	21.19564758
92.26487045	21.1766878
92.26663957	21.15285266
92.25749911	21.08868491
92.25926823	21.06745982
92.26717031	21.05130707
92.31646987	21.00270111
92.32914858	20.98709008
92.34742952	20.95759163
92.35839808	20.94498461
92.41683811	20.90317462
92.42385563	20.89307916
92.44296216	20.82851744
92.51927033	20.71264122
92.54498158	20.66127747
92.55388617	20.65231467
92.55990119	20.64827648
92.56550341	20.64108654
92.5725799	20.63768856
92.58201522	20.64522322
92.58443302	20.65625436
92.58101272	20.66654681
92.57275681	20.67925232
92.55217602	20.73174873
92.54987616	20.75011755
92.54445085	20.76050849
92.51231178	20.80123506
92.50075351	20.8379727
92.49585894	20.8784038
92.49721526	20.91957359
92.50476352	20.95808409
92.45906118	20.98989711
92.45245645	21.00550814
92.44526202	21.02038048
92.41890209	21.04052217
92.41046927	21.05436034
92.40392351	21.07199046
92.40775661	21.08784773
92.41394854	21.1170507
92.41536384	21.13669992
92.40728485	21.1761461
92.40769764	21.19554908
92.41359472	21.21303147
92.44484922	21.25045856
92.46006368	21.29305649
92.47256548	21.3128042
92.4910823	21.31492178
92.52664167	21.31452781
92.56933651	21.35751971
92.60495485	21.34732576
92.61981548	21.33107452
92.62453314	21.31452781
92.62689197	21.29763638
92.63461714	21.28040022
92.64393452	21.27192988
92.65584662	21.26680828
92.68143993	21.25912588
92.72855757	21.25567865
92.76594504	21.26217914
92.79484071	21.2569098
92.81654195	21.21672493
92.82521065	21.17658931
92.83305377	21.15590592
92.84638116	21.14344664
92.86920284	21.14507177
92.89544483	21.15930391
92.91708711	21.17821444
92.92711214	21.19431793
92.92493022	21.2049551
-999	-999
90.5750632	23.25398943
90.52187157	23.27718437
90.48177145	23.28924968
90.45246298	23.28924968
90.44892473	23.2799914
90.46101374	23.26580851
90.49621929	23.23502965
90.51668214	23.22261962
90.53779367	23.21769501
90.55796168	23.22542665
90.56433052	23.23704875
90.5865625	23.2299573
90.62742924	23.20503874
90.61799391	23.22715027
90.5750632	23.25398943
-999	-999
92.06348529	21.71992222
92.07934843	21.74533324
92.08265079	21.76138749
92.08105858	21.77547189
92.06743633	21.81314521
92.06613898	21.82082761
92.06425191	21.82422559
92.06000602	21.82727886
92.0334102	21.80216331
92.02521326	21.7894578
92.02138017	21.77197542
92.02940019	21.72080865
92.01159102	21.63817359
92.02138017	21.62128216
92.03081549	21.63078667
92.05505247	21.68515443
92.06348529	21.71992222
-999	-999
92.17511695	21.41907742
92.17747578	21.44138593
92.18773669	21.48358989
92.19027243	21.50437177
92.18018843	21.54401493
92.13985243	21.60990629
92.13613727	21.65501578
92.13655007	21.6605806
92.13613727	21.6765856
92.11785634	21.67175947
92.09762936	21.66944491
92.10576733	21.64753036
92.10706469	21.62211934
92.10004716	21.5982842
92.08253285	21.5803586
92.08618904	21.59414752
92.09456288	21.60990629
92.09963437	21.62536959
92.09420906	21.63856756
92.07781519	21.64915549
92.06560824	21.65033739
92.05505247	21.64098062
92.04431979	21.62128216
92.03812786	21.58400281
92.0616572	21.51756974
92.06731839	21.47753261
92.06708251	21.45350048
92.064075	21.44315879
92.04679656	21.42237691
92.0463248	21.41494074
92.04968613	21.40824326
92.05469865	21.39071163
92.0612444	21.38233978
92.07097458	21.37647949
92.08253285	21.37588853
92.09603715	21.38194581
92.09550642	21.38948047
92.09025802	21.39696589
92.09025802	21.40218598
92.11231308	21.40523924
92.1403242	21.40080709
92.16473809	21.40159503
92.17511695	21.41907742
-999	-999
90.66487567	22.34209824
90.6589786	22.34559472
90.65143034	22.34667813
90.64470767	22.34495451
90.64199502	22.33860176
90.64429488	22.32579776
90.65066372	22.32417263
90.65821198	22.3252068
90.66487567	22.32116862
90.67212908	22.30329226
90.68073881	22.26399382
90.68787427	22.24596973
90.68020807	22.24596973
90.68109263	22.23577577
90.68109263	22.22469539
90.68209514	22.21356575
90.68787427	22.20489843
90.69518665	22.22238082
90.68799221	22.26251644
90.69589429	22.2802943
90.69884283	22.27221793
90.71128566	22.2521255
90.70857301	22.27600989
90.69613018	22.30348925
90.68003116	22.32811233
90.66487567	22.34209824
-999	-999
90.39809193	21.91867973
90.40510946	21.94325357
90.39007191	21.94108674
90.3731473	21.91789179
90.35869946	21.88903354
90.35174091	21.86780845
90.35893535	21.86780845
90.3664836	21.88849184
90.39809193	21.91867973
-999	-999
90.458478	21.93685157
90.45110665	21.94325357
90.43677676	21.93384755
90.43258983	21.92394907
90.43524352	21.89262851
90.43258983	21.87145266
90.42651584	21.85855017
90.41902656	21.84825772
90.41301154	21.83422256
90.41301154	21.81678942
90.42203406	21.80216331
90.43677676	21.79600754
90.45493975	21.80314824
90.48059203	21.82831303
90.50459313	21.84062457
90.51579758	21.87228985
90.50140871	21.89932599
90.458478	21.93685157
-999	-999
90.58084233	21.95704249
90.54115501	21.9286767
90.53508102	21.9197139
90.53614249	21.90567875
90.54139089	21.89479534
90.55277225	21.88996922
90.57382481	21.89558328
90.597649	21.91927069
90.60790991	21.95354602
90.61433773	21.99176104
90.62742924	22.02608561
90.63373911	22.01456201
90.63580309	22.00791378
90.63580309	21.99781832
90.65774021	22.0596715
90.64795106	22.06119813
90.63491852	22.05504236
90.6216501	22.04430669
90.61221478	22.03273385
90.59812077	22.03327555
90.56857641	22.00579619
90.55430549	21.99781832
90.53460925	21.99176104
90.5218126	21.97541131
90.51485405	21.95389074
90.51279007	21.93049881
90.51974862	21.93049881
90.52594055	21.94020031
90.57382481	21.96403545
90.58084233	21.95704249
-999	-999
90.38735925	21.89036319
90.36772199	21.8722406
90.34354398	21.83422256
90.33263439	21.81225878
90.32809364	21.78807891
90.32809364	21.74159053
90.33298821	21.73927596
90.34354398	21.74489003
90.35386386	21.75572418
90.38075453	21.8338286
90.40870667	21.87396422
90.41301154	21.89558328
90.38735925	21.89036319
-999	-999
90.5698148	22.85110657
90.6000668	22.8513528
90.61221478	22.85317491
90.62170907	22.85632667
90.62595497	22.86021711
90.63008292	22.86203922
90.64199502	22.8590352
90.65143034	22.85233773
90.66487567	22.83209755
90.67324952	22.82461214
90.68333352	22.82116491
90.71812627	22.81776692
90.71258302	22.82771464
90.70403226	22.83721915
90.69288679	22.84568949
90.6801491	22.85312566
90.68940751	22.85233773
90.7180673	22.85312566
90.7180673	22.8590352
90.69365341	22.87444925
90.65113548	22.91847532
90.62737027	22.93521902
90.59953607	22.93300294
90.5621486	22.9078874
90.54015251	22.8757789
90.55784373	22.85312566
90.5698148	22.85110657
-999	-999
88.98332433	21.6765856
88.95773101	21.68894639
88.94469848	21.71814936
88.93372991	21.78591208
88.92942505	21.7997995
88.92647651	21.80536431
88.92240753	21.81023968
88.91792575	21.81314521
88.9047163	21.81250501
88.90371379	21.80314824
88.91102617	21.78591208
88.91391574	21.77005482
88.92529709	21.73666592
88.92565092	21.7176569
88.91851546	21.69869713
88.91137999	21.69244286
88.91137999	21.68850317
88.96828678	21.63211631
89.00184115	21.61709623
89.01558133	21.63472636
89.00933043	21.66210723
88.98332433	21.6765856
-999	-999
90.58320116	22.68219224
90.60012577	22.68756007
90.63273661	22.71297109
90.67448791	22.71105049
90.71270096	22.70440225
90.73051013	22.70730778
90.71417523	22.72794192
90.69353546	22.74847757
90.6728957	22.75615997
90.65036886	22.77669562
90.63432882	22.78122627
90.59010074	22.78122627
90.5809013	22.78029059
90.57311716	22.7661077
90.55477726	22.7640886
90.51644626	22.76960417
90.50146768	22.76458106
90.49315281	22.7506444
90.48996838	22.73316201
90.48914279	22.7146947
90.49279898	22.68687062
90.49126574	22.6775631
90.48177145	22.66574402
90.51220036	22.65820935
90.52334584	22.65151188
90.52770967	22.64146566
90.52900703	22.63225663
90.54333693	22.62097926
90.55465931	22.6101451
90.56987377	22.62718427
90.56438949	22.64264757
90.56633552	22.66771386
90.58320116	22.68219224
-999	-999
90.70680389	22.33022991
90.71812627	22.33569624
90.71771348	22.35514847
90.71582641	22.36603187
90.71122669	22.37686603
90.70544756	22.37775246
90.70279387	22.38031326
90.69583532	22.32121786
90.70279387	22.32801384
90.70680389	22.33022991
-999	-999
90.90541742	22.35514847
90.85605889	22.39218158
90.82958102	22.4144901
90.81578186	22.44546593
90.8072311	22.49431813
90.78965781	22.51800553
90.77196658	22.53578339
90.75622139	22.55956929
90.73682	22.59256422
90.7229029	22.62053604
90.71075493	22.65619026
90.69949151	22.68613193
90.67761336	22.68401434
90.65785815	22.68022239
90.63869265	22.67391888
90.62672159	22.66638422
90.6192323	22.65555006
90.59411075	22.57271802
90.59151604	22.53740852
90.59705929	22.5003754
90.61480949	22.49614023
90.67796718	22.4587624
90.69589429	22.44546593
90.70886786	22.42143381
90.72184143	22.36071329
90.73457912	22.34209824
90.73457912	22.33569624
90.72980248	22.32308922
90.7323972	22.30358774
90.74124281	22.27408929
90.73457912	22.25685313
90.73457912	22.19800397
90.73074602	22.17874872
90.72508482	22.16220201
90.67849792	22.07784333
90.66770627	22.04066248
90.6801491	22.01889567
90.66393214	21.99678415
90.65143034	21.9678274
90.64665371	21.93946161
90.65420196	21.91966466
90.67207011	21.92271792
90.73452014	21.99791681
90.72095687	21.97033896
90.70008122	21.94010181
90.68698971	21.91129281
90.69589429	21.88932902
90.70757051	21.88849184
90.72184143	21.89317022
90.73552265	21.89952298
90.74537077	21.90262548
90.77473821	21.94394301
90.78488118	21.94945858
90.8106514	21.97127463
90.81725613	21.96157314
90.81884834	21.95704249
90.83819075	21.97127463
90.89763328	22.04809865
90.90700963	22.07380514
90.90600713	22.23572653
90.92818014	22.33136257
90.90541742	22.35514847
-999	-999
90.64004898	21.85653108
90.63580309	21.86165268
90.63580309	21.88189285
90.56061536	21.8388517
90.55554387	21.83422256
90.55088518	21.82718036
90.54811356	21.81674018
90.55000062	21.8074819
90.55000062	21.80009497
90.54268825	21.79285579
90.5510621	21.78842363
90.55672329	21.78335128
90.56615861	21.77187692
90.557313	21.77099049
90.54316001	21.76670608
90.53508102	21.76522869
90.53508102	21.75774327
90.55471828	21.75690609
90.57659644	21.77128597
90.59493635	21.7926588
90.60443064	21.81304671
90.61221478	21.81304671
90.62141422	21.80797436
90.63244175	21.83077533
90.65030989	21.83422256
90.64382311	21.8498336
90.64004898	21.85653108
-999	-999
